# External B 3D format
# NodeId  Bx(T)  By(T)  Bz(T)
1   -2.097315788269043 -0.8615391254425049  0.32111769914627080
2   -2.060964345932007 -0.9514395594596863  0.32016107439994810
3   -2.109603166580200 -0.8287244439125061  0.32694131135940550
4   -2.180899143218994 -0.6204974651336670  0.32056489586830140
5   -2.141749382019043 -0.8083917498588562  0.33365988731384280
6   -2.279344797134399 -0.6750744581222534  0.36515107750892640
7   -2.329360485076904 -0.8477968573570251  0.37611362338066100
8   -2.203813076019287 -1.0339540243148800  0.38065534830093380
9   -2.182050228118896 -0.6122905015945435  0.32841616868972780
10  -2.246980428695679 -1.1895362138748170  0.37402519583702090
11  -2.335121870040894 -0.5521977543830872  0.36362600326538090
12  -2.249888181686401 -0.5010931491851807  0.34030669927597050
13  -2.130767583847046 -0.8952575325965881  0.34509477019310000
14  -2.122344255447388 -0.7946975231170654  0.32895410060882570
15  -2.492313861846924 -1.0321822166442870  0.32497274875640870
16  -2.239461421966553 -0.3555112481117249  0.32019412517547610
17  -2.412824630737305 -0.6634091734886169  0.38920029997825620
18  -2.449815511703491 -0.4907539486885071  0.38404616713523860
19  -2.667853355407715 -0.7491601705551147  0.28101938962936400
20  -2.267807483673096 -0.4796347022056580  0.34769570827484130
21  -2.241879463195801 -0.3320207595825195  0.32838752865791320
22  -2.693623304367065 -1.0673609972000120  0.17296543717384340
23  -2.697252750396729 -0.6755736470222473  0.26595324277877810
24  -2.495416879653931 -1.3463551998138430  0.23301455378532410
25  -2.368812799453735 -0.8858999013900757  0.38882902264595030
26  -2.198438405990601 -0.5505232214927673  0.32847106456756590
27  -2.671449184417725 -0.8232316374778748  0.26320078969001770
28  -2.633439064025879 -0.4903196990489960  0.34014186263084410
29  -2.490069150924683 -1.4501805305480960  0.18300946056842800
30  -2.397224426269531 -1.1522322893142700  0.35095691680908200
31  -2.154555797576904 -0.8697630763053894  0.34860825538635250
32  -2.471639156341553 -0.5948057174682617  0.38728994131088260
33  -2.571017026901245 -0.2814641594886780  0.36563640832901000
34  -2.327004909515381 -0.1470609456300735  0.34522107243537900
35  -2.135085344314575 -0.7606706023216248  0.32694131135940550
36  -2.834937810897827 -0.3979399502277374  0.20438785851001740
37  -2.263312101364136 -0.1216877326369286  0.32666510343551640
38  -2.554579019546509 -0.2161000967025757  0.38161170482635500
39  -2.850462436676025 -1.1926821470260620  0.02176045253872871
40  -2.461264371871948 -0.2210177779197693  0.38867431879043580
41  -2.694750308990479 -1.1746795177459720  0.13790643215179440
42  -2.266250133514404 -0.0759630650281906  0.32006311416625980
43  -3.024064779281616 -0.6345520019531250  0.02180915698409081
44  -2.352949142456055 -0.7140483856201172  0.38459613919258120
45  -3.012692689895630 -0.6865373849868774  0.02120113931596279
46  -2.985069036483765 -0.7981445789337158  0.02069478482007980
47  -2.663969278335571 -1.5030518770217900  0.00905729178339243
48  -2.888371467590332 -1.0977057218551640  0.02125808969140053
49  -2.738676309585571 -0.8665205836296082  0.19609716534614560
50  -2.319776535034180 -0.3982312381267548  0.35989016294479370
51  -2.248508214950562 -0.2848103642463684  0.32740542292594910
52  -2.860482215881348 -0.5534004569053650  0.16151674091815950
53  -2.562296867370605 -0.2939044535160065  0.38019037246704100
54  -2.264604568481445 -0.0863878726959228  0.32894280552864070
55  -2.313345432281494 -1.0007511377334590  0.38503104448318480
56  -2.594142436981201 -0.0136124100536108  0.36935240030288700
57  -2.951545476913452 -0.9143307209014893  0.02189218997955322
58  -3.069094419479370 -0.3582330346107483  0.02071786485612392
59  -2.985370159149170 -0.1094479337334633  0.08413866162300110
60  -2.897734642028809 -0.0758672654628754  0.17756223678588870
61  -2.570049047470093 -1.7153778076171880  0.02066227979958057
62  -2.674333333969116 -1.5154163837432860  0.00724630663171411
63  -3.001732587814331 -0.2384798973798752  0.06202581897377968
64  -2.598292350769043 -0.5343440771102905  0.35069802403450010
65  -2.794810771942139 -1.3178216218948360  0.02189556881785393
66  -3.075075626373291 -0.3025618493556976  0.02159547992050648
67  -2.571965217590332 -1.7124922275543210  0.02156672812998295
68  -2.822238445281982 -1.2580351829528810  0.02043440192937851
69  -3.030601978302002 -0.6025825142860413  0.02111451886594296
70  -2.712831020355225 -0.0416908413171768  0.31953191757202150
71  -2.263446569442749  0.1167384758591652  0.32753938436508180
72  -2.987459897994995 -0.7891179323196411  0.02182045392692089
73  -2.552566051483154 -0.9230928421020508  0.31319215893745420
74  -2.851010799407959 -1.1841059923172000  0.01759617589414120
75  -2.536427497863770 -1.2943363189697270  0.22070316970348360
76  -2.581575870513916  0.1115318238735199  0.37837344408035280
77  -2.385193824768066  0.0508853159844875  0.37227243185043330
78  -2.505360603332520  0.1238458901643753  0.37651190161705020
79  -2.147372722625732 -0.7278558611869812  0.32111769914627080
80  -2.782776117324829 -1.3430494070053100  0.02179794199764729
81  -3.052160263061523 -0.4816006422042847  0.02188827097415924
82  -2.121888637542725 -0.8064734935760498  0.32016107439994810
83  -2.998895883560181 -0.7342984080314636  0.01805812865495682
84  -2.216655492782593 -0.4772590100765228  0.32056489586830140
85  -2.610196113586426 -0.1996420621871948  0.36493876576423650
86  -2.265742063522339 -0.0644927769899368  0.32611951231956480
87  -2.574056863784790 -1.7093423604965210  0.02189567126333714
88  -2.258140802383423  0.2058543860912323  0.32019412517547610
89  -3.009702920913696 -0.2219296395778656  0.05255444720387459
90  -3.015096426010132 -0.6759315133094788  0.02025214768946171
91  -2.390436410903931 -0.6561194062232971  0.37611362338066100
92  -2.900627851486206  0.2901056408882141  0.15705765783786770
93  -2.427068710327148  0.2802326679229736  0.38104590773582460
94  -3.080474138259888  0.2415511310100555  0.02077756449580193
95  -3.089609146118164  0.0444266274571419  0.02102370187640190
96  -2.335427045822144 -1.0048369169235230  0.37402519583702090
97  -2.371220588684082 -0.3674644827842712  0.36362600326538090
98  -2.935479164123535 -0.3216493427753448  0.12373174726963040
99  -2.999071359634399 -0.7437722086906433  0.02178231440484524
100 -2.614466667175293  0.0476628914475441  0.36747702956199650
101 -2.971605539321899 -0.8468673229217529  0.02182207629084587
102 -2.955144882202148  0.2357057482004166  0.11080196499824520
103 -2.258140802383423 -0.2058543860912323  0.32019412517547610
104 -2.364492893218994  0.3003271222114563  0.37102684378623960
105 -2.809100389480591 -1.2870815992355350  0.02180689759552479
106 -3.052133083343506 -0.4817913770675659  0.02147716097533703
107 -2.259846210479736  0.1727901995182037  0.32762518525123600
108 -3.089922428131104 -0.0006795537192374  0.02188702486455441
109 -2.617078542709351  0.2783516943454742  0.36357828974723820
110 -2.957610130310059  0.1174227744340897  0.11630822718143460
111 -2.240966796875000  0.3397333323955536  0.32672497630119320
112 -2.371220588684082  0.3674644827842712  0.36362600326538090
113 -2.776382923126221 -1.3562252521514890  0.02124145627021790
114 -2.731202125549316 -0.9671610593795776  0.17296543717384340
115 -2.731354713439941 -0.5208392143249512  0.26595324277877810
116 -2.576148748397827 -1.7061924934387210  0.02156672812998295
117 -3.083128452301025 -0.2048395872116089  0.02142821624875069
118 -2.901811122894287 -1.0616672039031980  0.02132393978536129
119 -2.641777515411377  0.4432007968425751  0.34014186263084410
120 -3.089922428131104 -0.0084943640977144  0.02018083631992340
121 -3.073877334594727  0.3144920766353607  0.02173601649701595
122 -2.544922113418579 -1.3516058921813960  0.18300946056842800
123 -2.354904174804688  0.3338467180728912  0.36972996592521670
124 -3.032045364379883 -0.5952696204185486  0.02134539000689983
125 -3.080352306365967 -0.2430265247821808  0.02161875180900097
126 -2.710039615631104  0.5042416453361511  0.28509604930877690
127 -2.585185766220093 -0.0785193815827370  0.36563640832901000
128 -2.234599590301514  0.3774300217628479  0.32895410060882570
129 -2.998526573181152 -0.7459707260131836  0.02158883213996887
130 -3.089572191238403  0.0466814637184143  0.02153585851192474
131 -3.082447767257690 -0.2147945016622543  0.02189331687986851
132 -2.718891143798828  0.5799583196640015  0.27398625016212460
133 -2.266250133514404  0.0759630650281906  0.32006311416625980
134 -3.035748004913330  0.5760841369628906  0.02148838154971600
135 -3.053014755249023  0.4761928915977478  0.02100089192390442
136 -2.988731622695923 -0.7843181490898132  0.02069478482007980
137 -2.374338150024414  0.5432472825050354  0.38080304861068730
138 -2.216655492782593  0.4772590100765228  0.32056489586830140
139 -2.788013219833374  0.1702609956264496  0.25844034552574160
140 -2.926153898239136  0.7524475455284119  0.04783062264323235
141 -2.858143329620361  0.5653560161590576  0.16151674091815950
142 -3.051982641220093  0.4827250540256500  0.02188827097415924
143 -3.006012201309204  0.7152026891708374  0.02180217020213604
144 -3.069959163665771  0.3506901562213898  0.02160610072314739
145 -2.373630762100220  0.3847226798534393  0.37249669432640080
146 -3.070704698562622 -0.3441558182239532  0.02071786485612392
147 -2.578064918518066 -1.7033069133758540  0.02066227979958057
148 -2.988731622695923  0.7843181490898132  0.02069478482007980
149 -2.419898271560669  0.5774375200271606  0.38969591259956360
150 -2.228232622146606  0.4151266813278198  0.32672497630119320
151 -2.828606128692627 -1.2436519861221310  0.02043440192937851
152 -3.079433202743530 -0.2544336915016174  0.02132083661854267
153 -2.390436410903931  0.6561194062232971  0.37611362338066100
154 -3.018693923950195  0.6596791148185730  0.02025214768946171
155 -2.194872379302979  0.5646976232528687  0.32825535535812380
156 -2.487065315246582  0.3266121745109558  0.37651190161705020
157 -2.340652465820313  0.6645494103431702  0.38321083784103390
158 -2.293571472167969  0.5248728990554810  0.35838282108306880
159 -2.677702665328979  0.8026577830314636  0.26320078969001770
160 -2.988384008407593  0.7856110334396362  0.02182045392692089
161 -3.088249921798706  0.1018327921628952  0.02101980708539486
162 -2.239461421966553  0.3555112481117249  0.32019412517547610
163 -2.997415542602539  0.4465150535106659  0.04149840027093887
164 -3.018693923950195 -0.6596791148185730  0.02025214768946171
165 -2.677369117736816  0.6653653383255005  0.29176804423332210
166 -3.070211172103882  0.3484759330749512  0.02162331528961658
167 -2.731202125549316  0.9671610593795776  0.17296543717384340
168 -3.037596225738525  0.5662549734115601  0.02153650484979153
169 -3.079363346099854  0.2553213536739349  0.02077756449580193
170 -2.961221218109131  0.8825007677078247  0.02146381698548794
171 -2.911397457122803  1.0350865125656130  0.02146689221262932
172 -2.951314210891724  0.9150765538215637  0.02189218997955322
173 -2.183320999145508  0.6078484654426575  0.32822120189666750
174 -2.226437568664551  0.7072283625602722  0.35430178046226500
175 -2.978791713714600  0.8212366104125977  0.02169119194149971
176 -2.556756496429443  0.9590145945549011  0.30605927109718320
177 -2.964261293411255  0.8722261190414429  0.02182874456048012
178 -2.335121870040894  0.5521977543830872  0.36362600326538090
179 -2.959979534149170  0.8866460323333740  0.02189567126333714
180 -3.089922428131104  0.0084943640977144  0.02018083631992340
181 -2.646069526672363  0.9097575545310974  0.25961926579475400
182 -2.852334499359131  1.1881979703903200  0.02176045253872871
183 -2.147372722625732  0.7278558611869812  0.32111769914627080
184 -2.674214124679565  0.6686954498291016  0.28509604930877690
185 -2.363275289535522  0.9005678892135620  0.38882902264595030
186 -2.121888637542725  0.8064734935760498  0.32016107439994810
187 -2.135085344314575  0.7606706023216248  0.32694131135940550
188 -2.828606128692627  1.2436519861221310  0.02043440192937851
189 -2.163483381271362  0.6769861578941345  0.32423728704452510
190 -2.245847225189209  0.9391611218452454  0.38065534830093380
191 -2.281563043594360  0.8338658213615417  0.37923479080200200
192 -2.335427045822144  1.0048369169235230  0.37402519583702090
193 -2.693947076797485  1.1765203475952150  0.13790643215179440
194 -2.139575242996216  0.8739989399909973  0.34509477019310000
195 -2.958737850189209  0.8907912969589233  0.02146381698548794
196 -2.180899143218994  0.6204974651336670  0.32056489586830140
197 -2.122344255447388  0.7946975231170654  0.32895410060882570
198 -2.792928934097290  1.3218072652816770  0.02176841720938683
199 -2.743704557418823  1.4211733341217040  0.02126550674438477
200 -2.905975341796875  1.0502130985260010  0.02145008742809296
201 -2.985069036483765  0.7981445789337158  0.02069478482007980
202 -2.794754028320313  1.3179419040679930  0.02189556881785393
203 -2.529515027999878  1.2811446189880370  0.23301455378532410
204 -2.329360485076904  0.8477968573570251  0.37611362338066100
205 -3.015096426010132  0.6759315133094788  0.02025214768946171
206 -2.473300695419312  1.0067396163940430  0.33869847655296330
207 -2.828888893127441  1.2429870367050170  0.02171307615935802
208 -2.544922113418579  1.3516058921813960  0.18300946056842800
209 -2.395527362823486  1.1557564735412600  0.35095691680908200
210 -2.133384943008423  0.9204709529876709  0.34860825538635250
211 -2.109603166580200  0.8287244439125061  0.32694131135940550
212 -2.789708614349365  1.3285902738571170  0.02176230400800705
213 -2.664421796798706  1.5022495985031130  0.00905729178339243
214 -2.693623304367065  1.0673609972000120  0.17296543717384340
215 -2.263813972473145  1.1082491874694820  0.38503104448318480
216 -2.578064918518066  1.7033069133758540  0.02066227979958057
217 -2.673908948898315  1.5161652565002440  0.00724630663171411
218 -2.576148748397827  1.7061924934387210  0.02156672812998295
219 -2.503161907196045  1.3575534820556640  0.22070316970348360
220 -2.097315788269043  0.8615391254425049  0.32111769914627080
221 -2.060964345932007  0.9514395594596863  0.32016107439994810
222 -2.739022254943848  1.4301774501800540  0.02121144346892834
223 -2.822238445281982  1.2580351829528810  0.02043440192937851
224 -2.574056863784790  1.7093423604965210  0.02189567126333714
225 -2.246980428695679  1.1895362138748170  0.37402519583702090
226 -2.571965217590332  1.7124922275543210  0.02156672812998295
227 -2.490069150924683  1.4501805305480960  0.18300946056842800
228 -2.570049047470093  1.7153778076171880  0.02066227979958057