0.000000000000000000e+00
6.503251625812906528e-04
1.300650325162581306e-03
1.950975487743871958e-03
2.601300650325162611e-03
3.251625812906453264e-03
3.901950975487743917e-03
4.552276138069034569e-03
5.202601300650325222e-03
5.852926463231615875e-03
6.503251625812906528e-03
7.153576788394197181e-03
7.803901950975487833e-03
8.454227113556778486e-03
9.104552276138069139e-03
9.754877438719359792e-03
1.040520260130065044e-02
1.105552776388194110e-02
1.170585292646323175e-02
1.235617808904452240e-02
1.300650325162581306e-02
1.365682841420710371e-02
1.430715357678839436e-02
1.495747873936968501e-02
1.560780390195097567e-02
1.625812906453226458e-02
1.690845422711355697e-02
1.755877938969484936e-02
1.820910455227613828e-02
1.885942971485742720e-02
1.950975487743871958e-02
2.016008004002001197e-02
2.081040520260130089e-02
2.146073036518258981e-02
2.211105552776388219e-02
2.276138069034517458e-02
2.341170585292646350e-02
2.406203101550775242e-02
2.471235617808904481e-02
2.536268134067033719e-02
2.601300650325162611e-02
2.666333166583291503e-02
2.731365682841420742e-02
2.796398199099549980e-02
2.861430715357678872e-02
2.926463231615807764e-02
2.991495747873937003e-02
3.056528264132066242e-02
3.121560780390195133e-02
3.186593296648324025e-02
3.251625812906452917e-02
3.316658329164582503e-02
3.381690845422711394e-02
3.446723361680840286e-02
3.511755877938969872e-02
3.576788394197098764e-02
3.641820910455227656e-02
3.706853426713356547e-02
3.771885942971485439e-02
3.836918459229615025e-02
3.901950975487743917e-02
3.966983491745872809e-02
4.032016008004002394e-02
4.097048524262131286e-02
4.162081040520260178e-02
4.227113556778389070e-02
4.292146073036517961e-02
4.357178589294647547e-02
4.422211105552776439e-02
4.487243621810905331e-02
4.552276138069034916e-02
4.617308654327163808e-02
4.682341170585292700e-02
4.747373686843421592e-02
4.812406203101550484e-02
4.877438719359680069e-02
4.942471235617808961e-02
5.007503751875937853e-02
5.072536268134067439e-02
5.137568784392196330e-02
5.202601300650325222e-02
5.267633816908454114e-02
5.332666333166583006e-02
5.397698849424712592e-02
5.462731365682841483e-02
5.527763881940970375e-02
5.592796398199099961e-02
5.657828914457228853e-02
5.722861430715357745e-02
5.787893946973486636e-02
5.852926463231615528e-02
5.917958979489745114e-02
5.982991495747874006e-02
6.048024012006002897e-02
6.113056528264132483e-02
6.178089044522261375e-02
6.243121560780390267e-02
6.308154077038519159e-02
6.373186593296648050e-02
6.438219109554776942e-02
6.503251625812905834e-02
6.568284142071036114e-02
6.633316658329165005e-02
6.698349174587293897e-02
6.763381690845422789e-02
6.828414207103551681e-02
6.893446723361680573e-02
6.958479239619809464e-02
7.023511755877939744e-02
7.088544272136068636e-02
7.153576788394197528e-02
7.218609304652326419e-02
7.283641820910455311e-02
7.348674337168584203e-02
7.413706853426713095e-02
7.478739369684841987e-02
7.543771885942970878e-02
7.608804402201101158e-02
7.673836918459230050e-02
7.738869434717358942e-02
7.803901950975487833e-02
7.868934467233616725e-02
7.933966983491745617e-02
7.998999499749874509e-02
8.064032016008004788e-02
8.129064532266133680e-02
8.194097048524262572e-02
8.259129564782391464e-02
8.324162081040520356e-02
8.389194597298649247e-02
8.454227113556778139e-02
8.519259629814907031e-02
8.584292146073035923e-02
8.649324662331166202e-02
8.714357178589295094e-02
8.779389694847423986e-02
8.844422211105552878e-02
8.909454727363681770e-02
8.974487243621810661e-02
9.039519759879939553e-02
9.104552276138069833e-02
9.169584792396198725e-02
9.234617308654327617e-02
9.299649824912456508e-02
9.364682341170585400e-02
9.429714857428714292e-02
9.494747373686843184e-02
9.559779889944972076e-02
9.624812406203100967e-02
9.689844922461231247e-02
9.754877438719360139e-02
9.819909954977489031e-02
9.884942471235617922e-02
9.949974987493746814e-02
1.001500750375187571e-01
1.008004002001000460e-01
1.014507253626813488e-01
1.021010505252626377e-01
1.027513756878439266e-01
1.034017008504252155e-01
1.040520260130065044e-01
1.047023511755877934e-01
1.053526763381690823e-01
1.060030015007503712e-01
1.066533266633316601e-01
1.073036518259129629e-01
1.079539769884942518e-01
1.086043021510755407e-01
1.092546273136568297e-01
1.099049524762381186e-01
1.105552776388194075e-01
1.112056028014006964e-01
1.118559279639819992e-01
1.125062531265632881e-01
1.131565782891445771e-01
1.138069034517258660e-01
1.144572286143071549e-01
1.151075537768884438e-01
1.157578789394697327e-01
1.164082041020510216e-01
1.170585292646323106e-01
1.177088544272136134e-01
1.183591795897949023e-01
1.190095047523761912e-01
1.196598299149574801e-01
1.203101550775387690e-01
1.209604802401200579e-01
1.216108054027013469e-01
1.222611305652826497e-01
1.229114557278639386e-01
1.235617808904452275e-01
1.242121060530265164e-01
1.248624312156078053e-01
1.255127563781890943e-01
1.261630815407703832e-01
1.268134067033516721e-01
1.274637318659329610e-01
1.281140570285142499e-01
1.287643821910955388e-01
1.294147073536768278e-01
1.300650325162581167e-01
1.307153576788394334e-01
1.313656828414207223e-01
1.320160080040020112e-01
1.326663331665833001e-01
1.333166583291645890e-01
1.339669834917458779e-01
1.346173086543271669e-01
1.352676338169084558e-01
1.359179589794897447e-01
1.365682841420710336e-01
1.372186093046523225e-01
1.378689344672336115e-01
1.385192596298149004e-01
1.391695847923961893e-01
1.398199099549774782e-01
1.404702351175587949e-01
1.411205602801400838e-01
1.417708854427213727e-01
1.424212106053026616e-01
1.430715357678839506e-01
1.437218609304652395e-01
1.443721860930465284e-01
1.450225112556278173e-01
1.456728364182091062e-01
1.463231615807903951e-01
1.469734867433716841e-01
1.476238119059529730e-01
1.482741370685342619e-01
1.489244622311155508e-01
1.495747873936968397e-01
1.502251125562781287e-01
1.508754377188594176e-01
1.515257628814407342e-01
1.521760880440220232e-01
1.528264132066033121e-01
1.534767383691846010e-01
1.541270635317658899e-01
1.547773886943471788e-01
1.554277138569284678e-01
1.560780390195097567e-01
1.567283641820910456e-01
1.573786893446723345e-01
1.580290145072536234e-01
1.586793396698349123e-01
1.593296648324162013e-01
1.599799899949974902e-01
1.606303151575787791e-01
1.612806403201600958e-01
1.619309654827413847e-01
1.625812906453226736e-01
1.632316158079039625e-01
1.638819409704852514e-01
1.645322661330665404e-01
1.651825912956478293e-01
1.658329164582291182e-01
1.664832416208104071e-01
1.671335667833916960e-01
1.677838919459729849e-01
1.684342171085542739e-01
1.690845422711355628e-01
1.697348674337168517e-01
1.703851925962981406e-01
1.710355177588794295e-01
1.716858429214607185e-01
1.723361680840420351e-01
1.729864932466233240e-01
1.736368184092046130e-01
1.742871435717859019e-01
1.749374687343671908e-01
1.755877938969484797e-01
1.762381190595297686e-01
1.768884442221110576e-01
1.775387693846923465e-01
1.781890945472736354e-01
1.788394197098549243e-01
1.794897448724362132e-01
1.801400700350175021e-01
1.807903951975987911e-01
1.814407203601800800e-01
1.820910455227613967e-01
1.827413706853426856e-01
1.833916958479239745e-01
1.840420210105052634e-01
1.846923461730865523e-01
1.853426713356678412e-01
1.859929964982491302e-01
1.866433216608304191e-01
1.872936468234117080e-01
1.879439719859929969e-01
1.885942971485742858e-01
1.892446223111555748e-01
1.898949474737368637e-01
1.905452726363181526e-01
1.911955977988994415e-01
1.918459229614807304e-01
1.924962481240620193e-01
1.931465732866433360e-01
1.937968984492246249e-01
1.944472236118059139e-01
1.950975487743872028e-01
1.957478739369684917e-01
1.963981990995497806e-01
1.970485242621310695e-01
1.976988494247123584e-01
1.983491745872936474e-01
1.989994997498749363e-01
1.996498249124562252e-01
2.003001500750375141e-01
2.009504752376188030e-01
2.016008004002000920e-01
2.022511255627813809e-01
2.029014507253626975e-01
2.035517758879439865e-01
2.042021010505252754e-01
2.048524262131065643e-01
2.055027513756878532e-01
2.061530765382691421e-01
2.068034017008504311e-01
2.074537268634317200e-01
2.081040520260130089e-01
2.087543771885942978e-01
2.094047023511755867e-01
2.100550275137568756e-01
2.107053526763381646e-01
2.113556778389194535e-01
2.120060030015007424e-01
2.126563281640820313e-01
2.133066533266633202e-01
2.139569784892446369e-01
2.146073036518259258e-01
2.152576288144072147e-01
2.159079539769885037e-01
2.165582791395697926e-01
2.172086043021510815e-01
2.178589294647323704e-01
2.185092546273136593e-01
2.191595797898949483e-01
2.198099049524762372e-01
2.204602301150575261e-01
2.211105552776388150e-01
2.217608804402201039e-01
2.224112056028013928e-01
2.230615307653826818e-01
2.237118559279639984e-01
2.243621810905452874e-01
2.250125062531265763e-01
2.256628314157078652e-01
2.263131565782891541e-01
2.269634817408704430e-01
2.276138069034517319e-01
2.282641320660330209e-01
2.289144572286143098e-01
2.295647823911955987e-01
2.302151075537768876e-01
2.308654327163581765e-01
2.315157578789394655e-01
2.321660830415207544e-01
2.328164082041020433e-01
2.334667333666833322e-01
2.341170585292646211e-01
2.347673836918459378e-01
2.354177088544272267e-01
2.360680340170085156e-01
2.367183591795898046e-01
2.373686843421710935e-01
2.380190095047523824e-01
2.386693346673336713e-01
2.393196598299149602e-01
2.399699849924962491e-01
2.406203101550775381e-01
2.412706353176588270e-01
2.419209604802401159e-01
2.425712856428214048e-01
2.432216108054026937e-01
2.438719359679839827e-01
2.445222611305652993e-01
2.451725862931465882e-01
2.458229114557278772e-01
2.464732366183091661e-01
2.471235617808904550e-01
2.477738869434717439e-01
2.484242121060530328e-01
2.490745372686343218e-01
2.497248624312156107e-01
2.503751875937968996e-01
2.510255127563781885e-01
2.516758379189594774e-01
2.523261630815407663e-01
2.529764882441220553e-01
2.536268134067033442e-01
2.542771385692846331e-01
2.549274637318659220e-01
2.555777888944472109e-01
2.562281140570284999e-01
2.568784392196097888e-01
2.575287643821910777e-01
2.581790895447723666e-01
2.588294147073536555e-01
2.594797398699349444e-01
2.601300650325162334e-01
2.607803901950975778e-01
2.614307153576788667e-01
2.620810405202601556e-01
2.627313656828414445e-01
2.633816908454227335e-01
2.640320160080040224e-01
2.646823411705853113e-01
2.653326663331666002e-01
2.659829914957478891e-01
2.666333166583291781e-01
2.672836418209104670e-01
2.679339669834917559e-01
2.685842921460730448e-01
2.692346173086543337e-01
2.698849424712356226e-01
2.705352676338169116e-01
2.711855927963982005e-01
2.718359179589794894e-01
2.724862431215607783e-01
2.731365682841420672e-01
2.737868934467233561e-01
2.744372186093046451e-01
2.750875437718859340e-01
2.757378689344672229e-01
2.763881940970485118e-01
2.770385192596298007e-01
2.776888444222110897e-01
2.783391695847923786e-01
2.789894947473736675e-01
2.796398199099549564e-01
2.802901450725362453e-01
2.809404702351175898e-01
2.815907953976988787e-01
2.822411205602801676e-01
2.828914457228614565e-01
2.835417708854427454e-01
2.841920960480240343e-01
2.848424212106053233e-01
2.854927463731866122e-01
2.861430715357679011e-01
2.867933966983491900e-01
2.874437218609304789e-01
2.880940470235117679e-01
2.887443721860930568e-01
2.893946973486743457e-01
2.900450225112556346e-01
2.906953476738369235e-01
2.913456728364182124e-01
2.919959979989995014e-01
2.926463231615807903e-01
2.932966483241620792e-01
2.939469734867433681e-01
2.945972986493246570e-01
2.952476238119059460e-01
2.958979489744872349e-01
2.965482741370685238e-01
2.971985992996498127e-01
2.978489244622311016e-01
2.984992496248123905e-01
2.991495747873936795e-01
2.997998999499749684e-01
3.004502251125562573e-01
3.011005502751375462e-01
3.017508754377188351e-01
3.024012006003001796e-01
3.030515257628814685e-01
3.037018509254627574e-01
3.043521760880440463e-01
3.050025012506253352e-01
3.056528264132066242e-01
3.063031515757879131e-01
3.069534767383692020e-01
3.076038019009504909e-01
3.082541270635317798e-01
3.089044522261130687e-01
3.095547773886943577e-01
3.102051025512756466e-01
3.108554277138569355e-01
3.115057528764382244e-01
3.121560780390195133e-01
3.128064032016008023e-01
3.134567283641820912e-01
3.141070535267633801e-01
3.147573786893446690e-01
3.154077038519259579e-01
3.160580290145072468e-01
3.167083541770885358e-01
3.173586793396698247e-01
3.180090045022511136e-01
3.186593296648324025e-01
3.193096548274136914e-01
3.199599799899949804e-01
3.206103051525762693e-01
3.212606303151575582e-01
3.219109554777388471e-01
3.225612806403201915e-01
3.232116058029014805e-01
3.238619309654827694e-01
3.245122561280640583e-01
3.251625812906453472e-01
3.258129064532266361e-01
3.264632316158079250e-01
3.271135567783892140e-01
3.277638819409705029e-01
3.284142071035517918e-01
3.290645322661330807e-01
3.297148574287143696e-01
3.303651825912956586e-01
3.310155077538769475e-01
3.316658329164582364e-01
3.323161580790395253e-01
3.329664832416208142e-01
3.336168084042021031e-01
3.342671335667833921e-01
3.349174587293646810e-01
3.355677838919459699e-01
3.362181090545272588e-01
3.368684342171085477e-01
3.375187593796898367e-01
3.381690845422711256e-01
3.388194097048524145e-01
3.394697348674337034e-01
3.401200600300149923e-01
3.407703851925962812e-01
3.414207103551775702e-01
3.420710355177588591e-01
3.427213606803401480e-01
3.433716858429214369e-01
3.440220110055027813e-01
3.446723361680840703e-01
3.453226613306653592e-01
3.459729864932466481e-01
3.466233116558279370e-01
3.472736368184092259e-01
3.479239619809905149e-01
3.485742871435718038e-01
3.492246123061530927e-01
3.498749374687343816e-01
3.505252626313156705e-01
3.511755877938969594e-01
3.518259129564782484e-01
3.524762381190595373e-01
3.531265632816408262e-01
3.537768884442221151e-01
3.544272136068034040e-01
3.550775387693846930e-01
3.557278639319659819e-01
3.563781890945472708e-01
3.570285142571285597e-01
3.576788394197098486e-01
3.583291645822911375e-01
3.589794897448724265e-01
3.596298149074537154e-01
3.602801400700350043e-01
3.609304652326162932e-01
3.615807903951975821e-01
3.622311155577788711e-01
3.628814407203601600e-01
3.635317658829414489e-01
3.641820910455227933e-01
3.648324162081040822e-01
3.654827413706853712e-01
3.661330665332666601e-01
3.667833916958479490e-01
3.674337168584292379e-01
3.680840420210105268e-01
3.687343671835918157e-01
3.693846923461731047e-01
3.700350175087543936e-01
3.706853426713356825e-01
3.713356678339169714e-01
3.719859929964982603e-01
3.726363181590795493e-01
3.732866433216608382e-01
3.739369684842421271e-01
3.745872936468234160e-01
3.752376188094047049e-01
3.758879439719859938e-01
3.765382691345672828e-01
3.771885942971485717e-01
3.778389194597298606e-01
3.784892446223111495e-01
3.791395697848924384e-01
3.797898949474737273e-01
3.804402201100550163e-01
3.810905452726363052e-01
3.817408704352175941e-01
3.823911955977988830e-01
3.830415207603801719e-01
3.836918459229614609e-01
3.843421710855427498e-01
3.849924962481240387e-01
3.856428214107053831e-01
3.862931465732866720e-01
3.869434717358679610e-01
3.875937968984492499e-01
3.882441220610305388e-01
3.888944472236118277e-01
3.895447723861931166e-01
3.901950975487744055e-01
3.908454227113556945e-01
3.914957478739369834e-01
3.921460730365182723e-01
3.927963981990995612e-01
3.934467233616808501e-01
3.940970485242621391e-01
3.947473736868434280e-01
3.953976988494247169e-01
3.960480240120060058e-01
3.966983491745872947e-01
3.973486743371685836e-01
3.979989994997498726e-01
3.986493246623311615e-01
3.992996498249124504e-01
3.999499749874937393e-01
4.006003001500750282e-01
4.012506253126563172e-01
4.019009504752376061e-01
4.025512756378188950e-01
4.032016008004001839e-01
4.038519259629814728e-01
4.045022511255627617e-01
4.051525762881440507e-01
4.058029014507253951e-01
4.064532266133066840e-01
4.071035517758879729e-01
4.077538769384692618e-01
4.084042021010505508e-01
4.090545272636318397e-01
4.097048524262131286e-01
4.103551775887944175e-01
4.110055027513757064e-01
4.116558279139569954e-01
4.123061530765382843e-01
4.129564782391195732e-01
4.136068034017008621e-01
4.142571285642821510e-01
4.149074537268634399e-01
4.155577788894447289e-01
4.162081040520260178e-01
4.168584292146073067e-01
4.175087543771885956e-01
4.181590795397698845e-01
4.188094047023511735e-01
4.194597298649324624e-01
4.201100550275137513e-01
4.207603801900950402e-01
4.214107053526763291e-01
4.220610305152576180e-01
4.227113556778389070e-01
4.233616808404201959e-01
4.240120060030014848e-01
4.246623311655827737e-01
4.253126563281640626e-01
4.259629814907453516e-01
4.266133066533266405e-01
4.272636318159079849e-01
4.279139569784892738e-01
4.285642821410705627e-01
4.292146073036518517e-01
4.298649324662331406e-01
4.305152576288144295e-01
4.311655827913957184e-01
4.318159079539770073e-01
4.324662331165582962e-01
4.331165582791395852e-01
4.337668834417208741e-01
4.344172086043021630e-01
4.350675337668834519e-01
4.357178589294647408e-01
4.363681840920460298e-01
4.370185092546273187e-01
4.376688344172086076e-01
4.383191595797898965e-01
4.389694847423711854e-01
4.396198099049524743e-01
4.402701350675337633e-01
4.409204602301150522e-01
4.415707853926963411e-01
4.422211105552776300e-01
4.428714357178589189e-01
4.435217608804402079e-01
4.441720860430214968e-01
4.448224112056027857e-01
4.454727363681840746e-01
4.461230615307653635e-01
4.467733866933466524e-01
4.474237118559279969e-01
4.480740370185092858e-01
4.487243621810905747e-01
4.493746873436718636e-01
4.500250125062531525e-01
4.506753376688344415e-01
4.513256628314157304e-01
4.519759879939970193e-01
4.526263131565783082e-01
4.532766383191595971e-01
4.539269634817408861e-01
4.545772886443221750e-01
4.552276138069034639e-01
4.558779389694847528e-01
4.565282641320660417e-01
4.571785892946473306e-01
4.578289144572286196e-01
4.584792396198099085e-01
4.591295647823911974e-01
4.597798899449724863e-01
4.604302151075537752e-01
4.610805402701350642e-01
4.617308654327163531e-01
4.623811905952976420e-01
4.630315157578789309e-01
4.636818409204602198e-01
4.643321660830415087e-01
4.649824912456227977e-01
4.656328164082040866e-01
4.662831415707853755e-01
4.669334667333666644e-01
4.675837918959479533e-01
4.682341170585292423e-01
4.688844422211105867e-01
4.695347673836918756e-01
4.701850925462731645e-01
4.708354177088544534e-01
4.714857428714357424e-01
4.721360680340170313e-01
4.727863931965983202e-01
4.734367183591796091e-01
4.740870435217608980e-01
4.747373686843421869e-01
4.753876938469234759e-01
4.760380190095047648e-01
4.766883441720860537e-01
4.773386693346673426e-01
4.779889944972486315e-01
4.786393196598299205e-01
4.792896448224112094e-01
4.799399699849924983e-01
4.805902951475737872e-01
4.812406203101550761e-01
4.818909454727363650e-01
4.825412706353176540e-01
4.831915957978989429e-01
4.838419209604802318e-01
4.844922461230615207e-01
4.851425712856428096e-01
4.857928964482240985e-01
4.864432216108053875e-01
4.870935467733866764e-01
4.877438719359679653e-01
4.883941970985492542e-01
4.890445222611305987e-01
4.896948474237118876e-01
4.903451725862931765e-01
4.909954977488744654e-01
4.916458229114557543e-01
4.922961480740370432e-01
4.929464732366183322e-01
4.935967983991996211e-01
4.942471235617809100e-01
4.948974487243621989e-01
4.955477738869434878e-01
4.961980990495247767e-01
4.968484242121060657e-01
4.974987493746873546e-01
4.981490745372686435e-01
4.987993996998499324e-01
4.994497248624312213e-01
5.001000500250125658e-01
5.007503751875937992e-01
5.014007003501751436e-01
5.020510255127563770e-01
5.027013506753377214e-01
5.033516758379189548e-01
5.040020010005002993e-01
5.046523261630815327e-01
5.053026513256628771e-01
5.059529764882441105e-01
5.066033016508254549e-01
5.072536268134066884e-01
5.079039519759880328e-01
5.085542771385692662e-01
5.092046023011506106e-01
5.098549274637318440e-01
5.105052526263131885e-01
5.111555777888944219e-01
5.118059029514757663e-01
5.124562281140569997e-01
5.131065532766383441e-01
5.137568784392195775e-01
5.144072036018009220e-01
5.150575287643821554e-01
5.157078539269634998e-01
5.163581790895447332e-01
5.170085042521260776e-01
5.176588294147073110e-01
5.183091545772886555e-01
5.189594797398698889e-01
5.196098049024512333e-01
5.202601300650324667e-01
5.209104552276138111e-01
5.215607803901951556e-01
5.222111055527763890e-01
5.228614307153577334e-01
5.235117558779389668e-01
5.241620810405203112e-01
5.248124062031015447e-01
5.254627313656828891e-01
5.261130565282641225e-01
5.267633816908454669e-01
5.274137068534267003e-01
5.280640320160080448e-01
5.287143571785892782e-01
5.293646823411706226e-01
5.300150075037518560e-01
5.306653326663332004e-01
5.313156578289144338e-01
5.319659829914957783e-01
5.326163081540770117e-01
5.332666333166583561e-01
5.339169584792395895e-01
5.345672836418209339e-01
5.352176088044021673e-01
5.358679339669835118e-01
5.365182591295647452e-01
5.371685842921460896e-01
5.378189094547273230e-01
5.384692346173086674e-01
5.391195597798899009e-01
5.397698849424712453e-01
5.404202101050524787e-01
5.410705352676338231e-01
5.417208604302151675e-01
5.423711855927964010e-01
5.430215107553777454e-01
5.436718359179589788e-01
5.443221610805403232e-01
5.449724862431215566e-01
5.456228114057029011e-01
5.462731365682841345e-01
5.469234617308654789e-01
5.475737868934467123e-01
5.482241120560280567e-01
5.488744372186092901e-01
5.495247623811906346e-01
5.501750875437718680e-01
5.508254127063532124e-01
5.514757378689344458e-01
5.521260630315157902e-01
5.527763881940970236e-01
5.534267133566783681e-01
5.540770385192596015e-01
5.547273636818409459e-01
5.553776888444221793e-01
5.560280140070035237e-01
5.566783391695847572e-01
5.573286643321661016e-01
5.579789894947473350e-01
5.586293146573286794e-01
5.592796398199099128e-01
5.599299649824912573e-01
5.605802901450724907e-01
5.612306153076538351e-01
5.618809404702351795e-01
5.625312656328164129e-01
5.631815907953977574e-01
5.638319159579789908e-01
5.644822411205603352e-01
5.651325662831415686e-01
5.657828914457229130e-01
5.664332166083041464e-01
5.670835417708854909e-01
5.677338669334667243e-01
5.683841920960480687e-01
5.690345172586293021e-01
5.696848424212106465e-01
5.703351675837918799e-01
5.709854927463732244e-01
5.716358179089544578e-01
5.722861430715358022e-01
5.729364682341170356e-01
5.735867933966983800e-01
5.742371185592796135e-01
5.748874437218609579e-01
5.755377688844421913e-01
5.761880940470235357e-01
5.768384192096047691e-01
5.774887443721861136e-01
5.781390695347673470e-01
5.787893946973486914e-01
5.794397198599299248e-01
5.800900450225112692e-01
5.807403701850925026e-01
5.813906953476738471e-01
5.820410205102550805e-01
5.826913456728364249e-01
5.833416708354177693e-01
5.839919959979990027e-01
5.846423211605803472e-01
5.852926463231615806e-01
5.859429714857429250e-01
5.865932966483241584e-01
5.872436218109055028e-01
5.878939469734867362e-01
5.885442721360680807e-01
5.891945972986493141e-01
5.898449224612306585e-01
5.904952476238118919e-01
5.911455727863932363e-01
5.917958979489744697e-01
5.924462231115558142e-01
5.930965482741370476e-01
5.937468734367183920e-01
5.943971985992996254e-01
5.950475237618809699e-01
5.956978489244622033e-01
5.963481740870435477e-01
5.969984992496247811e-01
5.976488244122061255e-01
5.982991495747873589e-01
5.989494747373687034e-01
5.995997998999499368e-01
6.002501250625312812e-01
6.009004502251125146e-01
6.015507753876938590e-01
6.022011005502750924e-01
6.028514257128564369e-01
6.035017508754376703e-01
6.041520760380190147e-01
6.048024012006003591e-01
6.054527263631815925e-01
6.061030515257629370e-01
6.067533766883441704e-01
6.074037018509255148e-01
6.080540270135067482e-01
6.087043521760880926e-01
6.093546773386693260e-01
6.100050025012506705e-01
6.106553276638319039e-01
6.113056528264132483e-01
6.119559779889944817e-01
6.126063031515758261e-01
6.132566283141570596e-01
6.139069534767384040e-01
6.145572786393196374e-01
6.152076038019009818e-01
6.158579289644822152e-01
6.165082541270635597e-01
6.171585792896447931e-01
6.178089044522261375e-01
6.184592296148073709e-01
6.191095547773887153e-01
6.197598799399699487e-01
6.204102051025512932e-01
6.210605302651325266e-01
6.217108554277138710e-01
6.223611805902951044e-01
6.230115057528764488e-01
6.236618309154576822e-01
6.243121560780390267e-01
6.249624812406203711e-01
6.256128064032016045e-01
6.262631315657829489e-01
6.269134567283641823e-01
6.275637818909455268e-01
6.282141070535267602e-01
6.288644322161081046e-01
6.295147573786893380e-01
6.301650825412706824e-01
6.308154077038519159e-01
6.314657328664332603e-01
6.321160580290144937e-01
6.327663831915958381e-01
6.334167083541770715e-01
6.340670335167584160e-01
6.347173586793396494e-01
6.353676838419209938e-01
6.360180090045022272e-01
6.366683341670835716e-01
6.373186593296648050e-01
6.379689844922461495e-01
6.386193096548273829e-01
6.392696348174087273e-01
6.399199599799899607e-01
6.405702851425713051e-01
6.412206103051525385e-01
6.418709354677338830e-01
6.425212606303151164e-01
6.431715857928964608e-01
6.438219109554776942e-01
6.444722361180590386e-01
6.451225612806403831e-01
6.457728864432216165e-01
6.464232116058029609e-01
6.470735367683841943e-01
6.477238619309655387e-01
6.483741870935467722e-01
6.490245122561281166e-01
6.496748374187093500e-01
6.503251625812906944e-01
6.509754877438719278e-01
6.516258129064532723e-01
6.522761380690345057e-01
6.529264632316158501e-01
6.535767883941970835e-01
6.542271135567784279e-01
6.548774387193596613e-01
6.555277638819410058e-01
6.561780890445222392e-01
6.568284142071035836e-01
6.574787393696848170e-01
6.581290645322661614e-01
6.587793896948473948e-01
6.594297148574287393e-01
6.600800400200099727e-01
6.607303651825913171e-01
6.613806903451725505e-01
6.620310155077538949e-01
6.626813406703351284e-01
6.633316658329164728e-01
6.639819909954977062e-01
6.646323161580790506e-01
6.652826413206602840e-01
6.659329664832416285e-01
6.665832916458229729e-01
6.672336168084042063e-01
6.678839419709855507e-01
6.685342671335667841e-01
6.691845922961481286e-01
6.698349174587293620e-01
6.704852426213107064e-01
6.711355677838919398e-01
6.717858929464732842e-01
6.724362181090545176e-01
6.730865432716358621e-01
6.737368684342170955e-01
6.743871935967984399e-01
6.750375187593796733e-01
6.756878439219610177e-01
6.763381690845422511e-01
6.769884942471235956e-01
6.776388194097048290e-01
6.782891445722861734e-01
6.789394697348674068e-01
6.795897948974487512e-01
6.802401200600299846e-01
6.808904452226113291e-01
6.815407703851925625e-01
6.821910955477739069e-01
6.828414207103551403e-01
6.834917458729364848e-01
6.841420710355177182e-01
6.847923961980990626e-01
6.854427213606802960e-01
6.860930465232616404e-01
6.867433716858428738e-01
6.873936968484242183e-01
6.880440220110055627e-01
6.886943471735867961e-01
6.893446723361681405e-01
6.899949974987493739e-01
6.906453226613307184e-01
6.912956478239119518e-01
6.919459729864932962e-01
6.925962981490745296e-01
6.932466233116558740e-01
6.938969484742371074e-01
6.945472736368184519e-01
6.951975987993996853e-01
6.958479239619810297e-01
6.964982491245622631e-01
6.971485742871436075e-01
6.977988994497248409e-01
6.984492246123061854e-01
6.990995497748874188e-01
6.997498749374687632e-01
7.004002001000499966e-01
7.010505252626313411e-01
7.017008504252125745e-01
7.023511755877939189e-01
7.030015007503751523e-01
7.036518259129564967e-01
7.043021510755377301e-01
7.049524762381190746e-01
7.056028014007003080e-01
7.062531265632816524e-01
7.069034517258628858e-01
7.075537768884442302e-01
7.082041020510255747e-01
7.088544272136068081e-01
7.095047523761881525e-01
7.101550775387693859e-01
7.108054027013507303e-01
7.114557278639319637e-01
7.121060530265133082e-01
7.127563781890945416e-01
7.134067033516758860e-01
7.140570285142571194e-01
7.147073536768384638e-01
7.153576788394196972e-01
7.160080040020010417e-01
7.166583291645822751e-01
7.173086543271636195e-01
7.179589794897448529e-01
7.186093046523261973e-01
7.192596298149074308e-01
7.199099549774887752e-01
7.205602801400700086e-01
7.212106053026513530e-01
7.218609304652325864e-01
7.225112556278139309e-01
7.231615807903951643e-01
7.238119059529765087e-01
7.244622311155577421e-01
7.251125562781390865e-01
7.257628814407203199e-01
7.264132066033016644e-01
7.270635317658828978e-01
7.277138569284642422e-01
7.283641820910455866e-01
7.290145072536268200e-01
7.296648324162081645e-01
7.303151575787893979e-01
7.309654827413707423e-01
7.316158079039519757e-01
7.322661330665333201e-01
7.329164582291145535e-01
7.335667833916958980e-01
7.342171085542771314e-01
7.348674337168584758e-01
7.355177588794397092e-01
7.361680840420210536e-01
7.368184092046022871e-01
7.374687343671836315e-01
7.381190595297648649e-01
7.387693846923462093e-01
7.394197098549274427e-01
7.400700350175087872e-01
7.407203601800900206e-01
7.413706853426713650e-01
7.420210105052525984e-01
7.426713356678339428e-01
7.433216608304151762e-01
7.439719859929965207e-01
7.446223111555777541e-01
7.452726363181590985e-01
7.459229614807403319e-01
7.465732866433216763e-01
7.472236118059029097e-01
7.478739369684842542e-01
7.485242621310654876e-01
7.491745872936468320e-01
7.498249124562281764e-01
7.504752376188094098e-01
7.511255627813907543e-01
7.517758879439719877e-01
7.524262131065533321e-01
7.530765382691345655e-01
7.537268634317159099e-01
7.543771885942971434e-01
7.550275137568784878e-01
7.556778389194597212e-01
7.563281640820410656e-01
7.569784892446222990e-01
7.576288144072036435e-01
7.582791395697848769e-01
7.589294647323662213e-01
7.595797898949474547e-01
7.602301150575287991e-01
7.608804402201100325e-01
7.615307653826913770e-01
7.621810905452726104e-01
7.628314157078539548e-01
7.634817408704351882e-01
7.641320660330165326e-01
7.647823911955977660e-01
7.654327163581791105e-01
7.660830415207603439e-01
7.667333666833416883e-01
7.673836918459229217e-01
7.680340170085042661e-01
7.686843421710854996e-01
7.693346673336668440e-01
7.699849924962480774e-01
7.706353176588294218e-01
7.712856428214107662e-01
7.719359679839919997e-01
7.725862931465733441e-01
7.732366183091545775e-01
7.738869434717359219e-01
7.745372686343171553e-01
7.751875937968984998e-01
7.758379189594797332e-01
7.764882441220610776e-01
7.771385692846423110e-01
7.777888944472236554e-01
7.784392196098048888e-01
7.790895447723862333e-01
7.797398699349674667e-01
7.803901950975488111e-01
7.810405202601300445e-01
7.816908454227113889e-01
7.823411705852926223e-01
7.829914957478739668e-01
7.836418209104552002e-01
7.842921460730365446e-01
7.849424712356177780e-01
7.855927963981991224e-01
7.862431215607803558e-01
7.868934467233617003e-01
7.875437718859429337e-01
7.881940970485242781e-01
7.888444222111055115e-01
7.894947473736868560e-01
7.901450725362680894e-01
7.907953976988494338e-01
7.914457228614307782e-01
7.920960480240120116e-01
7.927463731865933561e-01
7.933966983491745895e-01
7.940470235117559339e-01
7.946973486743371673e-01
7.953476738369185117e-01
7.959979989994997451e-01
7.966483241620810896e-01
7.972986493246623230e-01
7.979489744872436674e-01
7.985992996498249008e-01
7.992496248124062452e-01
7.998999499749874786e-01
8.005502751375688231e-01
8.012006003001500565e-01
8.018509254627314009e-01
8.025012506253126343e-01
8.031515757878939787e-01
8.038019009504752121e-01
8.044522261130565566e-01
8.051025512756377900e-01
8.057528764382191344e-01
8.064032016008003678e-01
8.070535267633817123e-01
8.077038519259629457e-01
8.083541770885442901e-01
8.090045022511255235e-01
8.096548274137068679e-01
8.103051525762881013e-01
8.109554777388694458e-01
8.116058029014507902e-01
8.122561280640320236e-01
8.129064532266133680e-01
8.135567783891946014e-01
8.142071035517759459e-01
8.148574287143571793e-01
8.155077538769385237e-01
8.161580790395197571e-01
8.168084042021011015e-01
8.174587293646823349e-01
8.181090545272636794e-01
8.187593796898449128e-01
8.194097048524262572e-01
8.200600300150074906e-01
8.207103551775888350e-01
8.213606803401700684e-01
8.220110055027514129e-01
8.226613306653326463e-01
8.233116558279139907e-01
8.239619809904952241e-01
8.246123061530765685e-01
8.252626313156578020e-01
8.259129564782391464e-01
8.265632816408203798e-01
8.272136068034017242e-01
8.278639319659829576e-01
8.285142571285643021e-01
8.291645822911455355e-01
8.298149074537268799e-01
8.304652326163081133e-01
8.311155577788894577e-01
8.317658829414706911e-01
8.324162081040520356e-01
8.330665332666333800e-01
8.337168584292146134e-01
8.343671835917959578e-01
8.350175087543771912e-01
8.356678339169585357e-01
8.363181590795397691e-01
8.369684842421211135e-01
8.376188094047023469e-01
8.382691345672836913e-01
8.389194597298649247e-01
8.395697848924462692e-01
8.402201100550275026e-01
8.408704352176088470e-01
8.415207603801900804e-01
8.421710855427714248e-01
8.428214107053526583e-01
8.434717358679340027e-01
8.441220610305152361e-01
8.447723861930965805e-01
8.454227113556778139e-01
8.460730365182591584e-01
8.467233616808403918e-01
8.473736868434217362e-01
8.480240120060029696e-01
8.486743371685843140e-01
8.493246623311655474e-01
8.499749874937468919e-01
8.506253126563281253e-01
8.512756378189094697e-01
8.519259629814907031e-01
8.525762881440720475e-01
8.532266133066532809e-01
8.538769384692346254e-01
8.545272636318159698e-01
8.551775887943972032e-01
8.558279139569785476e-01
8.564782391195597810e-01
8.571285642821411255e-01
8.577788894447223589e-01
8.584292146073037033e-01
8.590795397698849367e-01
8.597298649324662811e-01
8.603801900950475146e-01
8.610305152576288590e-01
8.616808404202100924e-01
8.623311655827914368e-01
8.629814907453726702e-01
8.636318159079540147e-01
8.642821410705352481e-01
8.649324662331165925e-01
8.655827913956978259e-01
8.662331165582791703e-01
8.668834417208604037e-01
8.675337668834417482e-01
8.681840920460229816e-01
8.688344172086043260e-01
8.694847423711855594e-01
8.701350675337669038e-01
8.707853926963481372e-01
8.714357178589294817e-01
8.720860430215107151e-01
8.727363681840920595e-01
8.733866933466732929e-01
8.740370185092546373e-01
8.746873436718359818e-01
8.753376688344172152e-01
8.759879939969985596e-01
8.766383191595797930e-01
8.772886443221611374e-01
8.779389694847423709e-01
8.785892946473237153e-01
8.792396198099049487e-01
8.798899449724862931e-01
8.805402701350675265e-01
8.811905952976488710e-01
8.818409204602301044e-01
8.824912456228114488e-01
8.831415707853926822e-01
8.837918959479740266e-01
8.844422211105552600e-01
8.850925462731366045e-01
8.857428714357178379e-01
8.863931965982991823e-01
8.870435217608804157e-01
8.876938469234617601e-01
8.883441720860429935e-01
8.889944972486243380e-01
8.896448224112055714e-01
8.902951475737869158e-01
8.909454727363681492e-01
8.915957978989494936e-01
8.922461230615307270e-01
8.928964482241120715e-01
8.935467733866933049e-01
8.941970985492746493e-01
8.948474237118559937e-01
8.954977488744372272e-01
8.961480740370185716e-01
8.967983991995998050e-01
8.974487243621811494e-01
8.980990495247623828e-01
8.987493746873437273e-01
8.993996998499249607e-01
9.000500250125063051e-01
9.007003501750875385e-01
9.013506753376688829e-01
9.020010005002501163e-01
9.026513256628314608e-01
9.033016508254126942e-01
9.039519759879940386e-01
9.046023011505752720e-01
9.052526263131566164e-01
9.059029514757378498e-01
9.065532766383191943e-01
9.072036018009004277e-01
9.078539269634817721e-01
9.085042521260630055e-01
9.091545772886443499e-01
9.098049024512255833e-01
9.104552276138069278e-01
9.111055527763881612e-01
9.117558779389695056e-01
9.124062031015507390e-01
9.130565282641320835e-01
9.137068534267133169e-01
9.143571785892946613e-01
9.150075037518758947e-01
9.156578289144572391e-01
9.163081540770385836e-01
9.169584792396198170e-01
9.176088044022011614e-01
9.182591295647823948e-01
9.189094547273637392e-01
9.195597798899449726e-01
9.202101050525263171e-01
9.208604302151075505e-01
9.215107553776888949e-01
9.221610805402701283e-01
9.228114057028514727e-01
9.234617308654327061e-01
9.241120560280140506e-01
9.247623811905952840e-01
9.254127063531766284e-01
9.260630315157578618e-01
9.267133566783392062e-01
9.273636818409204396e-01
9.280140070035017841e-01
9.286643321660830175e-01
9.293146573286643619e-01
9.299649824912455953e-01
9.306153076538269397e-01
9.312656328164081732e-01
9.319159579789895176e-01
9.325662831415707510e-01
9.332166083041520954e-01
9.338669334667333288e-01
9.345172586293146733e-01
9.351675837918959067e-01
9.358179089544772511e-01
9.364682341170584845e-01
9.371185592796398289e-01
9.377688844422211734e-01
9.384192096048024068e-01
9.390695347673837512e-01
9.397198599299649846e-01
9.403701850925463290e-01
9.410205102551275624e-01
9.416708354177089069e-01
9.423211605802901403e-01
9.429714857428714847e-01
9.436218109054527181e-01
9.442721360680340625e-01
9.449224612306152959e-01
9.455727863931966404e-01
9.462231115557778738e-01
9.468734367183592182e-01
9.475237618809404516e-01
9.481740870435217960e-01
9.488244122061030295e-01
9.494747373686843739e-01
9.501250625312656073e-01
9.507753876938469517e-01
9.514257128564281851e-01
9.520760380190095296e-01
9.527263631815907630e-01
9.533766883441721074e-01
9.540270135067533408e-01
9.546773386693346852e-01
9.553276638319159186e-01
9.559779889944972631e-01
9.566283141570784965e-01
9.572786393196598409e-01
9.579289644822411853e-01
9.585792896448224187e-01
9.592296148074037632e-01
9.598799399699849966e-01
9.605302651325663410e-01
9.611805902951475744e-01
9.618309154577289188e-01
9.624812406203101522e-01
9.631315657828914967e-01
9.637818909454727301e-01
9.644322161080540745e-01
9.650825412706353079e-01
9.657328664332166523e-01
9.663831915957978858e-01
9.670335167583792302e-01
9.676838419209604636e-01
9.683341670835418080e-01
9.689844922461230414e-01
9.696348174087043859e-01
9.702851425712856193e-01
9.709354677338669637e-01
9.715857928964481971e-01
9.722361180590295415e-01
9.728864432216107749e-01
9.735367683841921194e-01
9.741870935467733528e-01
9.748374187093546972e-01
9.754877438719359306e-01
9.761380690345172750e-01
9.767883941970985084e-01
9.774387193596798529e-01
9.780890445222611973e-01
9.787393696848424307e-01
9.793896948474237751e-01
9.800400200100050085e-01
9.806903451725863530e-01
9.813406703351675864e-01
9.819909954977489308e-01
9.826413206603301642e-01
9.832916458229115086e-01
9.839419709854927421e-01
9.845922961480740865e-01
9.852426213106553199e-01
9.858929464732366643e-01
9.865432716358178977e-01
9.871935967983992422e-01
9.878439219609804756e-01
9.884942471235618200e-01
9.891445722861430534e-01
9.897948974487243978e-01
9.904452226113056312e-01
9.910955477738869757e-01
9.917458729364682091e-01
9.923961980990495535e-01
9.930465232616307869e-01
9.936968484242121313e-01
9.943471735867933647e-01
9.949974987493747092e-01
9.956478239119559426e-01
9.962981490745372870e-01
9.969484742371185204e-01
9.975987993996998648e-01
9.982491245622810982e-01
9.988994497248624427e-01
9.995497748874437871e-01
1.000200100050025132e+00
1.000850425212606254e+00
1.001500750375187598e+00
1.002151075537768943e+00
1.002801400700350287e+00
1.003451725862931410e+00
1.004102051025512754e+00
1.004752376188094098e+00
1.005402701350675443e+00
1.006053026513256565e+00
1.006703351675837910e+00
1.007353676838419254e+00
1.008004002001000599e+00
1.008654327163581721e+00
1.009304652326163065e+00
1.009954977488744410e+00
1.010605302651325754e+00
1.011255627813906877e+00
1.011905952976488221e+00
1.012556278139069565e+00
1.013206603301650910e+00
1.013856928464232032e+00
1.014507253626813377e+00
1.015157578789394721e+00
1.015807903951976066e+00
1.016458229114557188e+00
1.017108554277138532e+00
1.017758879439719877e+00
1.018409204602301221e+00
1.019059529764882344e+00
1.019709854927463688e+00
1.020360180090045032e+00
1.021010505252626377e+00
1.021660830415207721e+00
1.022311155577788844e+00
1.022961480740370188e+00
1.023611805902951533e+00
1.024262131065532877e+00
1.024912456228113999e+00
1.025562781390695344e+00
1.026213106553276688e+00
1.026863431715858033e+00
1.027513756878439155e+00
1.028164082041020500e+00
1.028814407203601844e+00
1.029464732366183188e+00
1.030115057528764311e+00
1.030765382691345655e+00
1.031415707853927000e+00
1.032066033016508344e+00
1.032716358179089466e+00
1.033366683341670811e+00
1.034017008504252155e+00
1.034667333666833500e+00
1.035317658829414622e+00
1.035967983991995967e+00
1.036618309154577311e+00
1.037268634317158655e+00
1.037918959479739778e+00
1.038569284642321122e+00
1.039219609804902467e+00
1.039869934967483811e+00
1.040520260130064933e+00
1.041170585292646278e+00
1.041820910455227622e+00
1.042471235617808967e+00
1.043121560780390311e+00
1.043771885942971434e+00
1.044422211105552778e+00
1.045072536268134122e+00
1.045722861430715467e+00
1.046373186593296589e+00
1.047023511755877934e+00
1.047673836918459278e+00
1.048324162081040622e+00
1.048974487243621745e+00
1.049624812406203089e+00
1.050275137568784434e+00
1.050925462731365778e+00
1.051575787893946901e+00
1.052226113056528245e+00
1.052876438219109589e+00
1.053526763381690934e+00
1.054177088544272056e+00
1.054827413706853401e+00
1.055477738869434745e+00
1.056128064032016090e+00
1.056778389194597212e+00
1.057428714357178556e+00
1.058079039519759901e+00
1.058729364682341245e+00
1.059379689844922368e+00
1.060030015007503712e+00
1.060680340170085056e+00
1.061330665332666401e+00
1.061980990495247745e+00
1.062631315657828868e+00
1.063281640820410212e+00
1.063931965982991557e+00
1.064582291145572901e+00
1.065232616308154023e+00
1.065882941470735368e+00
1.066533266633316712e+00
1.067183591795898057e+00
1.067833916958479179e+00
1.068484242121060523e+00
1.069134567283641868e+00
1.069784892446223212e+00
1.070435217608804335e+00
1.071085542771385679e+00
1.071735867933967024e+00
1.072386193096548368e+00
1.073036518259129490e+00
1.073686843421710835e+00
1.074337168584292179e+00
1.074987493746873524e+00
1.075637818909454646e+00
1.076288144072035990e+00
1.076938469234617335e+00
1.077588794397198679e+00
1.078239119559779802e+00
1.078889444722361146e+00
1.079539769884942491e+00
1.080190095047523835e+00
1.080840420210104957e+00
1.081490745372686302e+00
1.082141070535267646e+00
1.082791395697848991e+00
1.083441720860430335e+00
1.084092046023011457e+00
1.084742371185592802e+00
1.085392696348174146e+00
1.086043021510755491e+00
1.086693346673336613e+00
1.087343671835917958e+00
1.087993996998499302e+00
1.088644322161080646e+00
1.089294647323661769e+00
1.089944972486243113e+00
1.090595297648824458e+00
1.091245622811405802e+00
1.091895947973986924e+00
1.092546273136568269e+00
1.093196598299149613e+00
1.093846923461730958e+00
1.094497248624312080e+00
1.095147573786893425e+00
1.095797898949474769e+00
1.096448224112056113e+00
1.097098549274637236e+00
1.097748874437218580e+00
1.098399199599799925e+00
1.099049524762381269e+00
1.099699849924962392e+00
1.100350175087543736e+00
1.101000500250125080e+00
1.101650825412706425e+00
1.102301150575287547e+00
1.102951475737868892e+00
1.103601800900450236e+00
1.104252126063031580e+00
1.104902451225612925e+00
1.105552776388194047e+00
1.106203101550775392e+00
1.106853426713356736e+00
1.107503751875938081e+00
1.108154077038519203e+00
1.108804402201100547e+00
1.109454727363681892e+00
1.110105052526263236e+00
1.110755377688844359e+00
1.111405702851425703e+00
1.112056028014007047e+00
1.112706353176588392e+00
1.113356678339169514e+00
1.114007003501750859e+00
1.114657328664332203e+00
1.115307653826913548e+00
1.115957978989494670e+00
1.116608304152076014e+00
1.117258629314657359e+00
1.117908954477238703e+00
1.118559279639819826e+00
1.119209604802401170e+00
1.119859929964982515e+00
1.120510255127563859e+00
1.121160580290144981e+00
1.121810905452726326e+00
1.122461230615307670e+00
1.123111555777889015e+00
1.123761880940470359e+00
1.124412206103051481e+00
1.125062531265632826e+00
1.125712856428214170e+00
1.126363181590795515e+00
1.127013506753376637e+00
1.127663831915957982e+00
1.128314157078539326e+00
1.128964482241120670e+00
1.129614807403701793e+00
1.130265132566283137e+00
1.130915457728864482e+00
1.131565782891445826e+00
1.132216108054026948e+00
1.132866433216608293e+00
1.133516758379189637e+00
1.134167083541770982e+00
1.134817408704352104e+00
1.135467733866933449e+00
1.136118059029514793e+00
1.136768384192096137e+00
1.137418709354677260e+00
1.138069034517258604e+00
1.138719359679839949e+00
1.139369684842421293e+00
1.140020010005002415e+00
1.140670335167583760e+00
1.141320660330165104e+00
1.141970985492746449e+00
1.142621310655327571e+00
1.143271635817908916e+00
1.143921960980490260e+00
1.144572286143071604e+00
1.145222611305652949e+00
1.145872936468234071e+00
1.146523261630815416e+00
1.147173586793396760e+00
1.147823911955978105e+00
1.148474237118559227e+00
1.149124562281140571e+00
1.149774887443721916e+00
1.150425212606303260e+00
1.151075537768884383e+00
1.151725862931465727e+00
1.152376188094047071e+00
1.153026513256628416e+00
1.153676838419209538e+00
1.154327163581790883e+00
1.154977488744372227e+00
1.155627813906953572e+00
1.156278139069534694e+00
1.156928464232116038e+00
1.157578789394697383e+00
1.158229114557278727e+00
1.158879439719859850e+00
1.159529764882441194e+00
1.160180090045022538e+00
1.160830415207603883e+00
1.161480740370185005e+00
1.162131065532766350e+00
1.162781390695347694e+00
1.163431715857929039e+00
1.164082041020510161e+00
1.164732366183091505e+00
1.165382691345672850e+00
1.166033016508254194e+00
1.166683341670835539e+00
1.167333666833416661e+00
1.167983991995998005e+00
1.168634317158579350e+00
1.169284642321160694e+00
1.169934967483741817e+00
1.170585292646323161e+00
1.171235617808904506e+00
1.171885942971485850e+00
1.172536268134066972e+00
1.173186593296648317e+00
1.173836918459229661e+00
1.174487243621811006e+00
1.175137568784392128e+00
1.175787893946973472e+00
1.176438219109554817e+00
1.177088544272136161e+00
1.177738869434717284e+00
1.178389194597298628e+00
1.179039519759879973e+00
1.179689844922461317e+00
1.180340170085042439e+00
1.180990495247623784e+00
1.181640820410205128e+00
1.182291145572786473e+00
1.182941470735367595e+00
1.183591795897948939e+00
1.184242121060530284e+00
1.184892446223111628e+00
1.185542771385692751e+00
1.186193096548274095e+00
1.186843421710855440e+00
1.187493746873436784e+00
1.188144072036018128e+00
1.188794397198599251e+00
1.189444722361180595e+00
1.190095047523761940e+00
1.190745372686343284e+00
1.191395697848924407e+00
1.192046023011505751e+00
1.192696348174087095e+00
1.193346673336668440e+00
1.193996998499249562e+00
1.194647323661830907e+00
1.195297648824412251e+00
1.195947973986993595e+00
1.196598299149574718e+00
1.197248624312156062e+00
1.197898949474737407e+00
1.198549274637318751e+00
1.199199599799899874e+00
1.199849924962481218e+00
1.200500250125062562e+00
1.201150575287643907e+00
1.201800900450225029e+00
1.202451225612806374e+00
1.203101550775387718e+00
1.203751875937969062e+00
1.204402201100550185e+00
1.205052526263131529e+00
1.205702851425712874e+00
1.206353176588294218e+00
1.207003501750875341e+00
1.207653826913456685e+00
1.208304152076038029e+00
1.208954477238619374e+00
1.209604802401200718e+00
1.210255127563781841e+00
1.210905452726363185e+00
1.211555777888944530e+00
1.212206103051525874e+00
1.212856428214106996e+00
1.213506753376688341e+00
1.214157078539269685e+00
1.214807403701851030e+00
1.215457728864432152e+00
1.216108054027013496e+00
1.216758379189594841e+00
1.217408704352176185e+00
1.218059029514757308e+00
1.218709354677338652e+00
1.219359679839919997e+00
1.220010005002501341e+00
1.220660330165082463e+00
1.221310655327663808e+00
1.221960980490245152e+00
1.222611305652826497e+00
1.223261630815407619e+00
1.223911955977988963e+00
1.224562281140570308e+00
1.225212606303151652e+00
1.225862931465732775e+00
1.226513256628314119e+00
1.227163581790895464e+00
1.227813906953476808e+00
1.228464232116058152e+00
1.229114557278639275e+00
1.229764882441220619e+00
1.230415207603801964e+00
1.231065532766383308e+00
1.231715857928964430e+00
1.232366183091545775e+00
1.233016508254127119e+00
1.233666833416708464e+00
1.234317158579289586e+00
1.234967483741870931e+00
1.235617808904452275e+00
1.236268134067033619e+00
1.236918459229614742e+00
1.237568784392196086e+00
1.238219109554777431e+00
1.238869434717358775e+00
1.239519759879939897e+00
1.240170085042521242e+00
1.240820410205102586e+00
1.241470735367683931e+00
1.242121060530265053e+00
1.242771385692846398e+00
1.243421710855427742e+00
1.244072036018009086e+00
1.244722361180590209e+00
1.245372686343171553e+00
1.246023011505752898e+00
1.246673336668334242e+00
1.247323661830915364e+00
1.247973986993496709e+00
1.248624312156078053e+00
1.249274637318659398e+00
1.249924962481240742e+00
1.250575287643821865e+00
1.251225612806403209e+00
1.251875937968984553e+00
1.252526263131565898e+00
1.253176588294147020e+00
1.253826913456728365e+00
1.254477238619309709e+00
1.255127563781891054e+00
1.255777888944472176e+00
1.256428214107053520e+00
1.257078539269634865e+00
1.257728864432216209e+00
1.258379189594797332e+00
1.259029514757378676e+00
1.259679839919960020e+00
1.260330165082541365e+00
1.260980490245122487e+00
1.261630815407703832e+00
1.262281140570285176e+00
1.262931465732866521e+00
1.263581790895447643e+00
1.264232116058028987e+00
1.264882441220610332e+00
1.265532766383191676e+00
1.266183091545772799e+00
1.266833416708354143e+00
1.267483741870935487e+00
1.268134067033516832e+00
1.268784392196097954e+00
1.269434717358679299e+00
1.270085042521260643e+00
1.270735367683841988e+00
1.271385692846423332e+00
1.272036018009004454e+00
1.272686343171585799e+00
1.273336668334167143e+00
1.273986993496748488e+00
1.274637318659329610e+00
1.275287643821910955e+00
1.275937968984492299e+00
1.276588294147073643e+00
1.277238619309654766e+00
1.277888944472236110e+00
1.278539269634817455e+00
1.279189594797398799e+00
1.279839919959979921e+00
1.280490245122561266e+00
1.281140570285142610e+00
1.281790895447723955e+00
1.282441220610305077e+00
1.283091545772886422e+00
1.283741870935467766e+00
1.284392196098049110e+00
1.285042521260630233e+00
1.285692846423211577e+00
1.286343171585792922e+00
1.286993496748374266e+00
1.287643821910955388e+00
1.288294147073536733e+00
1.288944472236118077e+00
1.289594797398699422e+00
1.290245122561280766e+00
1.290895447723861889e+00
1.291545772886443233e+00
1.292196098049024577e+00
1.292846423211605922e+00
1.293496748374187044e+00
1.294147073536768389e+00
1.294797398699349733e+00
1.295447723861931077e+00
1.296098049024512200e+00
1.296748374187093544e+00
1.297398699349674889e+00
1.298049024512256233e+00
1.298699349674837356e+00
1.299349674837418700e+00
1.300000000000000044e+00
