1.152400560789948486e+03
1.152396223177261845e+03
1.152383210603675934e+03
1.152361523862582999e+03
1.152331164282201826e+03
1.152292133701464991e+03
1.152244434511763075e+03
1.152188069608757132e+03
1.152123042439989604e+03
1.152049356962582124e+03
1.151967017660783085e+03
1.151876029563438806e+03
1.151776398207530974e+03
1.151668129661527473e+03
1.151551230518741477e+03
1.151425707890641888e+03
1.151291569429999981e+03
1.151148823294192653e+03
1.150997478162269090e+03
1.150837543251923307e+03
1.150669028276700374e+03
1.150491943486747459e+03
1.150306299643827060e+03
1.150112108020172400e+03
1.149909380421110882e+03
1.149698129142083872e+03
1.149478367003080393e+03
1.149250107347227868e+03
1.149013364003672905e+03
1.148768151321795358e+03
1.148514484163697716e+03
1.148252377890730713e+03
1.147981848355937473e+03
1.147702911943850950e+03
1.147415585503537159e+03
1.147119886411965581e+03
1.146815832524768666e+03
1.146503442203919121e+03
1.146182734286223649e+03
1.145853728122639041e+03
1.145516443528995296e+03
1.145170900831050403e+03
1.144817120821067419e+03
1.144455124773295438e+03
1.144084934453436972e+03
1.143706572098687275e+03
1.143320060421252492e+03
1.142925422600080537e+03
1.142522682295959385e+03
1.142111863625590559e+03
1.141692991182415653e+03
1.141266090010642984e+03
1.140831185625930402e+03
1.140388303983555716e+03
1.139937471516405367e+03
1.139478715091452614e+03
1.139012062030186826e+03
1.138537540094122505e+03
1.138055177505013035e+03
1.137565002901377738e+03
1.137067045375965790e+03
1.136561334449562992e+03
1.136047900067923820e+03
1.135526772610139460e+03
1.134997982885410465e+03
1.134461562112603360e+03
1.133917541934204792e+03
1.133365954407259778e+03
1.132806832005716387e+03
1.132240207594230924e+03
1.131666114458949778e+03
1.131084586275547053e+03
1.130495657128458333e+03
1.129899361490278125e+03
1.129295734218222606e+03
1.128684810561825998e+03
1.128066626159237558e+03
1.127441217011012213e+03
1.126808619515780947e+03
1.126168870421510292e+03
1.125522006861019236e+03
1.124868066325690052e+03
1.124207086661652284e+03
1.123539106082616627e+03
1.122864163143651922e+03
1.122182296753944001e+03
1.121493546167229624e+03
1.120797950977776736e+03
1.120095551116336310e+03
1.119386386846066671e+03
1.118670498752940148e+03
1.117947927752616579e+03
1.117218715086228030e+03
1.116482902299777834e+03
1.115740531261806154e+03
1.114991644131885096e+03
1.114236283389043365e+03
1.113474491800268652e+03
1.112706312443293882e+03
1.111931788659008816e+03
1.111150964101129603e+03
1.110363882688635158e+03
1.109570588622942978e+03
1.108771126372755816e+03
1.107965540690984426e+03
1.107153876572911486e+03
1.106336179283765659e+03
1.105512494348816290e+03
1.104682867532965020e+03
1.103847344846869646e+03
1.103005972558155463e+03
1.102158797149986185e+03
1.101305865353329636e+03
1.100447224116103371e+03
1.099582920614302566e+03
1.098713002242128596e+03
1.097837516607359021e+03
1.096956511526704617e+03
1.096070035021155491e+03
1.095178135301045586e+03
1.094280860792245221e+03
1.093378260095448240e+03
1.092470382002062479e+03
1.091557275484359934e+03
1.090638989685700608e+03
1.089715573931049676e+03
1.088787077696917095e+03
1.087853550642022356e+03
1.086915042567199635e+03
1.085971603425866078e+03
1.085023283329250035e+03
1.084070132521628466e+03
1.083112201390589917e+03
1.082149540457276544e+03
1.081182200371634053e+03
1.080210231902751957e+03
1.079233685948880748e+03
1.078252613513004235e+03
1.077267065712846488e+03
1.076277093771197542e+03
1.075282749006332779e+03
1.074284082841821146e+03
1.073281146782401493e+03
1.072273992423784193e+03
1.071262671443070303e+03
1.070247235589265756e+03
1.069227736692890176e+03
1.068204226646912502e+03
1.067176757397407982e+03
1.066145380962535910e+03
1.065110149404182266e+03
1.064071114842129873e+03
1.063028329435264595e+03
1.061981845372352382e+03
1.060931714890684589e+03
1.059877990248151946e+03
1.058820723737162325e+03
1.057759967661552082e+03
1.056695774345839482e+03
1.055628196121464725e+03
1.054557285335896950e+03
1.053483094329852975e+03
1.052405675446419536e+03
1.051325081021963342e+03
1.050241363381622250e+03
1.049154574830361298e+03
1.048064767657451966e+03
1.046971994127515018e+03
1.045876306471675434e+03
1.044777756896391793e+03
1.043676397561402382e+03
1.042572280588576177e+03
1.041465458053131215e+03
1.040355981974971428e+03
1.039243904323063816e+03
1.038129277006770735e+03
1.037012151871574133e+03
1.035892580694824119e+03
1.034770615173027863e+03
1.033646306943159743e+03
1.032519707548689439e+03
1.031390868444059151e+03
1.030259841015686789e+03
1.029126676531698195e+03
1.027991426179767359e+03
1.026854141037977115e+03
1.025714872083284035e+03
1.024573670187436392e+03
1.023430586096614775e+03
1.022285670452091836e+03
1.021138973761811826e+03
1.019990546424931949e+03
1.018840438699568267e+03
1.017688700707202884e+03
1.016535382448841801e+03
1.015380533773204547e+03
1.014224204385061398e+03
1.013066443845450067e+03
1.011907301567915738e+03
1.010746826799220230e+03
1.009585068639223891e+03
1.008422076017769086e+03
1.007257897698981878e+03
1.006092582289224538e+03
1.004926178202915366e+03
1.003758733697391449e+03
1.002590296838897984e+03
1.001420915510726786e+03
1.000250637413609638e+03
9.990795100586017270e+02
9.979075807638076867e+02
9.967348966474531835e+02
9.955615046321069030e+02
9.943874514377732794e+02
9.932127835751249449e+02
9.920375473497290386e+02
9.908617888589028553e+02
9.896855539706820082e+02
9.885088883532854425e+02
9.873318374433354165e+02
9.861544464573368032e+02
9.849767603816849260e+02
9.837988239734160061e+02
9.826206817678571497e+02
9.814423780513518523e+02
9.802639568795726746e+02
9.790854620678048832e+02
9.779069371848885339e+02
9.767284255574948020e+02
9.755499702674757145e+02
9.743716141324326827e+02
9.731933997336931270e+02
9.720153693867976017e+02
9.708375651492860925e+02
9.696600288249229607e+02
9.684828019448011673e+02
9.673059257848848347e+02
9.661294413472770657e+02
9.649533893678686809e+02
9.637778103108737469e+02
9.626027443603095435e+02
9.614282314371525899e+02
9.602543111716566955e+02
9.590810229237024487e+02
9.579084057618052839e+02
9.567364984801159835e+02
9.555653395808064943e+02
9.543949672816306702e+02
9.532254195109748025e+02
9.520567339030500307e+02
9.508889477992826187e+02
9.497220982526579292e+02
9.485562220139305509e+02
9.473913555391288810e+02
9.462275349819881285e+02
9.450647962013539427e+02
9.439031747448897249e+02
9.427427058624563188e+02
9.415834245016535533e+02
9.404253652948584659e+02
9.392685625724815282e+02
9.381130503558298415e+02
9.369588623558748850e+02
9.358060319692422127e+02
9.346545922827403956e+02
9.335045760693818693e+02
9.323560157817764775e+02
9.312089435650170799e+02
9.300633912417679312e+02
9.289193903223517736e+02
9.277769719901573353e+02
9.266361671144456977e+02
9.254970062440123684e+02
9.243595196063940875e+02
9.232237371018336489e+02
9.220896883184680064e+02
9.209574025078597970e+02
9.198269086106810164e+02
9.186982352325280772e+02
9.175714106590428401e+02
9.164464628501443713e+02
9.153234194395442955e+02
9.142023077292737980e+02
9.130831547019266736e+02
9.119659870076387733e+02
9.108508309713171229e+02
9.097377125873614432e+02
9.086266575267983399e+02
9.075176911247954195e+02
9.064108383927442674e+02
9.053061240131776231e+02
9.042035723372816847e+02
9.031032073919860750e+02
9.020050528680401385e+02
9.009091321318970813e+02
8.998154682209631119e+02
8.987240838413669053e+02
8.976350013749981827e+02
8.965482428658682466e+02
8.954638300408936402e+02
8.943817842917979988e+02
8.933021266822586313e+02
8.922248779481835754e+02
8.911500585046175047e+02
8.900776884283967547e+02
8.890077874784146843e+02
8.879403750828122384e+02
8.868754703438474962e+02
8.858130920426220882e+02
8.847532586309996532e+02
8.836959882385800711e+02
8.826412986669514567e+02
8.815892074007772408e+02
8.805397315979447512e+02
8.794928880964927203e+02
8.784486934111813525e+02
8.774071637383142388e+02
8.763683149544233402e+02
8.753321626130841651e+02
8.742987219557234084e+02
8.732680079024676161e+02
8.722400350570386536e+02
8.712148177115150247e+02
8.701923698375388767e+02
8.691727050988949941e+02
8.681558368428411541e+02
8.671417781050068925e+02
8.661305416122919496e+02
8.651221397801635931e+02
8.641165847174859209e+02
8.631138882257446312e+02
8.621140617983791117e+02
8.611171166256063998e+02
8.601230635919806673e+02
8.591319132794428697e+02
8.581436759720766076e+02
8.571583616485173707e+02
8.561759799938250808e+02
8.551965403920056588e+02
8.542200519308844378e+02
8.532465234051563812e+02
8.522759633143364226e+02
8.513083798675603475e+02
8.503437809832875018e+02
8.493821742890974065e+02
8.484235671248483186e+02
8.474679665457791771e+02
8.465153793223440744e+02
8.455658119385469718e+02
8.446192706031025637e+02
8.436757612366203603e+02
8.427352894875137963e+02
8.417978607240804649e+02
8.408634800408428873e+02
8.399321522570782008e+02
8.390038819215523063e+02
8.380786733096319949e+02
8.371565304325274610e+02
8.362374570329147900e+02
8.353214565852489386e+02
8.344085323034254316e+02
8.334986871395316257e+02
8.325919237841812901e+02
8.316882446711884995e+02
8.307876519764896557e+02
8.298901476214032300e+02
8.289957332758363009e+02
8.281044103586887104e+02
8.272161800397010438e+02
8.263310432372580863e+02
8.254490006311546040e+02
8.245700526535645167e+02
8.236941994937378695e+02
8.228214411051976640e+02
8.219517772010044609e+02
8.210852072583683139e+02
8.202217305231397404e+02
8.193613460040550081e+02
8.185040524862072289e+02
8.176498485215425944e+02
8.167987324384562271e+02
8.159507023399974059e+02
8.151057561083445080e+02
8.142638914043454861e+02
8.134251056719656390e+02
8.125893961378841368e+02
8.117567598159165527e+02
8.109271935054990763e+02
8.101006938007533336e+02
8.092772570820258125e+02
8.084568795283959162e+02
8.076395571127829953e+02
8.068252856063305671e+02
8.060140605815764729e+02
8.052058774122775731e+02
8.044007312787909996e+02
8.035986171635862547e+02
8.027995298620611493e+02
8.020034639780803900e+02
8.012104139282522510e+02
8.004203739460995166e+02
7.996333380788964860e+02
7.988493001950125745e+02
7.980682539828729887e+02
7.972901929551079547e+02
7.965151104486129725e+02
7.957429996276770225e+02
7.949738534880356156e+02
7.942076648540346469e+02
7.934444263856629505e+02
7.926841305786593921e+02
7.919267697647215982e+02
7.911723361174298361e+02
7.904208216524034469e+02
7.896722182284772771e+02
7.889265175516557065e+02
7.881837111744571303e+02
7.874437905025536111e+02
7.867067467914205281e+02
7.859725711538083033e+02
7.852412545564847051e+02
7.845127878267423966e+02
7.837871616526850858e+02
7.830643665836079208e+02
7.823443930363345089e+02
7.816272312921802268e+02
7.809128715032418313e+02
7.802013036919294109e+02
7.794925177554766833e+02
7.787865034639130499e+02
7.780832504653843671e+02
7.773827482881496280e+02
7.766849863417969573e+02
7.759899539184954165e+02
7.752976401958122779e+02
7.746080342387249402e+02
7.739211250031199825e+02
7.732369013332747727e+02
7.725553519705952112e+02
7.718764655488824928e+02
7.712002306007685775e+02
7.705266355567661094e+02
7.698556687508271352e+02
7.691873184187001016e+02
7.685215727006363977e+02
7.678584196461050624e+02
7.671978472122252697e+02
7.665398432677737901e+02
7.658843955930660741e+02
7.652314918845631837e+02
7.645811197547416214e+02
7.639332667353061197e+02
7.632879202777528462e+02
7.626450677565351270e+02
7.620046964696359737e+02
7.613667936410672610e+02
7.607313464227066788e+02
7.600983418967354055e+02
7.594677670768210191e+02
7.588396089093284900e+02
7.582138542751479235e+02
7.575904899938477683e+02
7.569695028224672342e+02
7.563508794579141750e+02
7.557346065410137044e+02
7.551206706553589356e+02
7.545090583307658108e+02
7.538997560427651479e+02
7.532927502187491200e+02
7.526880272346804759e+02
7.520855734195549758e+02
7.514853750575733784e+02
7.508874183866170142e+02
7.502916896041390373e+02
7.496981748656256741e+02
7.491068602877936655e+02
7.485177319486754186e+02
7.479307758912526651e+02
7.473459781235239916e+02
7.467633246210747302e+02
7.461828013276560796e+02
7.456043941572359017e+02
7.450280889955363364e+02
7.444538717024895504e+02
7.438817281113998661e+02
7.433116440323377674e+02
7.427436052540530227e+02
7.421775975427245839e+02
7.416136066474870177e+02
7.410516182973944979e+02
7.404916182064265513e+02
7.399335920735577474e+02
7.393775255833194251e+02
7.388234044093295552e+02
7.382712142131255177e+02
7.377209406476424647e+02
7.371725693573097260e+02
7.366260859802129062e+02
7.360814761482126869e+02
7.355387254898656693e+02
7.349978196305196434e+02
7.344587441943878048e+02
7.339214848050414730e+02
7.333860270870648037e+02
7.328523566676703922e+02
7.323204591768105729e+02
7.317903202502474187e+02
7.312619255285463851e+02
7.307352606597439717e+02
7.302103113008538458e+02
7.296870631172594130e+02
7.291655017852901892e+02
7.286456129933382044e+02
7.281273824422905818e+02
7.276107958473179451e+02
7.270958389379694609e+02
7.265824974609049605e+02
7.260707571786712151e+02
7.255606038736701748e+02
7.250520233459834571e+02
7.245450014169597353e+02
7.240395239289509846e+02
7.235355767469320654e+02
7.230331457588706598e+02
7.225322168770121607e+02
7.220327760391268157e+02
7.215348092085729377e+02
7.210383023764010204e+02
7.205432415616726303e+02
7.200496128118088563e+02
7.195574022046127993e+02
7.190665958482971973e+02
7.185771798826342547e+02
7.180891404798045414e+02
7.176024638457591891e+02
7.171171362194550056e+02
7.166331438757792966e+02
7.161504731247636073e+02
7.156691103126504458e+02
7.151890418234200979e+02
7.147102540790311878e+02
7.142327335396818171e+02
7.137564667055268046e+02
7.132814401166594962e+02
7.128076403540668480e+02
7.123350540405529046e+02
7.118636678409511660e+02
7.113934684628078458e+02
7.109244426579389255e+02
7.104565772219367545e+02
7.099898589950443011e+02
7.095242748634308327e+02
7.090598117591358687e+02
7.085964566610962265e+02
7.081341965950940676e+02
7.076730186351699103e+02
7.072129099037516653e+02
7.067538575716034757e+02
7.062958488597738551e+02
7.058388710389028802e+02
7.053829114301418031e+02
7.049279574056512274e+02
7.044739963892759533e+02
7.040210158564542553e+02
7.035690033354363777e+02
7.031179464071725533e+02
7.026678327061232494e+02
7.022186499199748368e+02
7.017703857914813170e+02
7.013230281171023535e+02
7.008765647489808543e+02
7.004309835941140818e+02
6.999862726154223083e+02
6.995424198322666598e+02
6.990994133198167901e+02
6.986572412105477952e+02
6.982158916939151823e+02
6.977753530169992473e+02
6.973356134844995040e+02
6.968966614592005726e+02
6.964584853621131515e+02
6.960210736735029968e+02
6.955844149316714038e+02
6.951484977348534358e+02
6.947133107404310977e+02
6.942788426654757359e+02
6.938450822871184300e+02
6.934120184422198463e+02
6.929796400286891185e+02
6.925479360043151473e+02
6.921168953880560366e+02
6.916865072596817754e+02
6.912567607600885822e+02
6.908276450915939222e+02
6.903991495178387368e+02
6.899712633639472870e+02
6.895439760171622083e+02
6.891172769261177109e+02
6.886911556019402951e+02
6.882656016175189961e+02
6.878406046082127432e+02
6.874161542715944506e+02
6.869922403676631575e+02
6.865688527189284969e+02
6.861459812104870934e+02
6.857236157901978686e+02
6.853017464684182869e+02
6.848803633184900264e+02
6.844594564764596498e+02
6.840390161412277621e+02
6.836190325746773624e+02
6.831994961012966314e+02
6.827803971088975459e+02
6.823617260480209552e+02
6.819434734321414453e+02
6.815256298375686583e+02
6.811081859038133643e+02
6.806911323330000414e+02
6.802744598902228290e+02
6.798581594035064199e+02
6.794422217635881225e+02
6.790266379238772743e+02
6.786113989006678366e+02
6.781964957728171157e+02
6.777819196818539922e+02
6.773676618315766973e+02
6.769537134885611067e+02
6.765400659815784365e+02
6.761267107015988813e+02
6.757136391020144401e+02
6.753008426979910155e+02
6.748883130669122465e+02
6.744760418479604596e+02
6.740640207421514560e+02
6.736522415119957259e+02
6.732406959816680683e+02
6.728293760365884282e+02
6.724182736235734410e+02
6.720073807504826391e+02
6.715966894861479659e+02
6.711861919602246189e+02
6.707758803630355260e+02
6.703657469454183229e+02
6.699557840186220119e+02
6.695459839540130815e+02
6.691363391829080456e+02
6.687268421965260359e+02
6.683174855458638604e+02
6.679082618411489420e+02
6.674991637521372922e+02
6.670901840074440088e+02
6.666813153948197623e+02
6.662725507605435951e+02
6.658638830094546393e+02
6.654553051047403187e+02
6.650468100675643655e+02
6.646383909770717082e+02
6.642300409700101227e+02
6.638217532405127486e+02
6.634135210400836513e+02
6.630053376770107434e+02
6.625971965164968651e+02
6.621890909802712031e+02
6.617810145462598257e+02
6.613729607484962116e+02
6.609649231768320305e+02
6.605568954767398964e+02
6.601488713489289921e+02
6.597408445492820874e+02
6.593328088884235285e+02
6.589247582316452281e+02
6.585166864985183111e+02
6.581085876626804065e+02
6.577004557515761007e+02
6.572922848461556669e+02
6.568840690807726332e+02
6.564758026426349033e+02
6.560674797718587570e+02
6.556590947609204250e+02
6.552506419545434255e+02
6.548421157493864939e+02
6.544335105938043853e+02
6.540248209874619079e+02
6.536160414812025010e+02
6.532071666766233875e+02
6.527981912259394903e+02
6.523891098315574482e+02
6.519799172459337342e+02
6.515706082711511726e+02
6.511611777587677352e+02
6.507516206094298923e+02
6.503419317726165900e+02
6.499321062463196768e+02
6.495221390768480205e+02
6.491120253584691682e+02
6.487017602330314503e+02
6.482913388898504081e+02
6.478807565652940639e+02
6.474700085425187126e+02
6.470590901511740185e+02
6.466479967671066333e+02
6.462367238120644970e+02
6.458252667533985232e+02
6.454136211037663315e+02
6.450017824208589445e+02
6.445897463070001550e+02
6.441775084090274959e+02
6.437650644178137327e+02
6.433524100680704123e+02
6.429395411380453424e+02
6.425264534491292352e+02
6.421131428657205333e+02
6.416996052947608860e+02
6.412858366855296026e+02
6.408718330293413601e+02
6.404575903591795623e+02
6.400431047494645327e+02
6.396283723157306440e+02
6.392133892143267531e+02
6.387981516421353945e+02
6.383826558362145533e+02
6.379668980735594914e+02
6.375508746708021590e+02
6.371345819838544458e+02
6.367180164076698929e+02
6.363011743759246883e+02
6.358840523607218529e+02
6.354666468723110029e+02
6.350489544587396722e+02
6.346309717055927422e+02
6.342126952357494929e+02
6.337941217090015016e+02
6.333752478217602402e+02
6.329560703068474368e+02
6.325365859331514002e+02
6.321167915052874378e+02
6.316966838634176611e+02
6.312762598828355749e+02
6.308555164737840641e+02
6.304344505811194495e+02
6.300130591839795215e+02
6.295913392955866357e+02
6.291692879628988067e+02
6.287469022663286751e+02
6.283241793195113587e+02
6.279011162689258754e+02
6.274777102937080144e+02
6.270539586053010908e+02
6.266298584472273205e+02
6.262054070947699529e+02
6.257806018546950781e+02
6.253554400650097023e+02
6.249299190946392173e+02
6.245040363431854757e+02
6.240777892406545106e+02
6.236511752471461705e+02
6.232241918526195832e+02
6.227968365766079160e+02
6.223691069679523480e+02
6.219410006045410455e+02
6.215125150930016389e+02
6.210836480685080687e+02
6.206543971944341820e+02
6.202247601621603508e+02
6.197947346907624251e+02
6.193643185267994795e+02
6.189335094439861678e+02
6.185023052429938843e+02
6.180707037511823501e+02
6.176387028223180096e+02
6.172063003363543885e+02
6.167734941991460573e+02
6.163402823422223946e+02
6.159066627225289494e+02
6.154726333221797177e+02
6.150381921482087364e+02
6.146033372323256572e+02
6.141680666306704097e+02
6.137323784235638868e+02
6.132962707152885287e+02
6.128597416338187713e+02
6.124227893306112946e+02
6.119854119803403592e+02
6.115476077806894182e+02
6.111093749520828169e+02
6.106707117375016196e+02
6.102316164021981422e+02
6.097920872335189415e+02
6.093521225406253734e+02
6.089117206543112388e+02
6.084708799267467612e+02
6.080295987312800889e+02
6.075878754621888902e+02
6.071457085344862890e+02
6.067030963836712090e+02
6.062600374655517044e+02
6.058165302559830252e+02
6.053725732506983377e+02
6.049281649650514510e+02
6.044833039338388971e+02
6.040379887110891559e+02
6.035922178698174321e+02
6.031459900018717235e+02
6.026993037176860071e+02
6.022521576460914048e+02
6.018045504341305332e+02
6.013564807468245590e+02
6.009079472669916413e+02
6.004589486950530954e+02
6.000094837488362600e+02
5.995595511633722481e+02
5.991091496906980183e+02
5.986582780996875499e+02
5.982069351758434550e+02
5.977551197211142835e+02
5.973028305537067126e+02
5.968500665078965994e+02
5.963968264338533345e+02
5.959431091974533956e+02
5.954889136801037921e+02
5.950342387785472056e+02
5.945790834047064664e+02
5.941234464854954922e+02
5.936673269626415959e+02
5.932107237925221170e+02
5.927536359459916184e+02
5.922960624081972583e+02
5.918380021784349765e+02
5.913794542699544081e+02
5.909204177098172295e+02
5.904608915387160550e+02
5.900008748108216423e+02
5.895403665936172501e+02
5.890793659677399319e+02
5.886178720268221696e+02
5.881558838773331672e+02
5.876934006384224176e+02
5.872304214417705452e+02
5.867669454314334416e+02
5.863029717636912892e+02
5.858384996068987220e+02
5.853735281413336224e+02
5.849080565590580818e+02
5.844420840637625361e+02
5.839756098706286593e+02
5.835086332061846406e+02
5.830411533081627340e+02
5.825731694253590831e+02
5.821046808174965008e+02
5.816356867550892957e+02
5.811661865192977530e+02
5.806961794018064893e+02
5.802256647046818898e+02
5.797546417402420502e+02
5.792831098309301296e+02
5.788110683091761075e+02
5.783385165172808229e+02
5.778654538072800051e+02
5.773918795408224014e+02
5.769177930890411972e+02
5.764431938324419207e+02
5.759680811607670421e+02
5.754924544728874025e+02
5.750163131766747711e+02
5.745396566888905454e+02
5.740624844350630838e+02
5.735847958493751548e+02
5.731065903745530932e+02
5.726278674617473143e+02
5.721486265704277230e+02
5.716688671682659333e+02
5.711885887310297676e+02
5.707077907424778687e+02
5.702264726942472635e+02
5.697446340857507039e+02
5.692622744240724160e+02
5.687793932238627121e+02
5.682959900072365826e+02
5.678120643036738784e+02
5.673276156499151739e+02
5.668426435898687714e+02
5.663571476745088376e+02
5.658711274617780873e+02
5.653845825164953567e+02
5.648975124102587415e+02
5.644099167213529427e+02
5.639217950346547923e+02
5.634331469415476477e+02
5.629439720398244162e+02
5.624542699336017222e+02
5.619640402332307758e+02
5.614732825552109716e+02
5.609819965221036000e+02
5.604901817624465821e+02
5.599978379106687498e+02
5.595049646070102654e+02
5.590115614974355367e+02
5.585176282335570477e+02
5.580231644725528213e+02
5.575281698770844514e+02
5.570326441152258212e+02
5.565365868603771560e+02
5.560399977911964697e+02
5.555428765915178246e+02
5.550452229502808450e+02
5.545470365614545472e+02
5.540483171239671947e+02
5.535490643416310377e+02
5.530492779230744418e+02
5.525489575816690149e+02
5.520481030354637824e+02
5.515467140071126551e+02
5.510447902238109918e+02
5.505423314172253413e+02
5.500393373234298906e+02
5.495358076828410958e+02
5.490317422401529939e+02
5.485271407442733107e+02
5.480220029482628661e+02
5.475163286092707722e+02
5.470101174884763395e+02
5.465033693510279136e+02
5.459960839659827343e+02
5.454882611062485012e+02
5.449799005485261887e+02
5.444710020732519524e+02
5.439615654645417635e+02
5.434515905101351336e+02
5.429410770013396359e+02
5.424300247329772446e+02
5.419184335033321531e+02
5.414063031140946123e+02
5.408936333703130686e+02
5.403804240803390257e+02
5.398666750557778187e+02
5.393523861114395004e+02
5.388375570652877968e+02
5.383221877383928131e+02
5.378062779548820345e+02
5.372898275418930325e+02
5.367728363295266263e+02
5.362553041508016349e+02
5.357372308416089481e+02
5.352186162406653693e+02
5.346994601894712105e+02
5.341797625322650447e+02
5.336595231159832338e+02
5.331387417902127481e+02
5.326174184071554691e+02
5.320955528215808954e+02
5.315731448907897629e+02
5.310501944745717537e+02
5.305267014351662738e+02
5.300026656372242542e+02
5.294780869477674514e+02
5.289529652361537728e+02
5.284273003740371450e+02
5.279010922353317028e+02
5.273743406961758637e+02
5.268470456348949256e+02
5.263192069319675284e+02
5.257908244699898432e+02
5.252618981336414663e+02
5.247324278096516537e+02
5.242024133867657838e+02
5.236718547557127295e+02
5.231407518091720021e+02
5.226091044417428293e+02
5.220769125499112988e+02
5.215441760320206868e+02
5.210108947882399661e+02
5.204770687205345894e+02
5.199426977326361339e+02
5.194077817300127435e+02
5.188723206198417301e+02
5.183363143109795601e+02
5.177997627139357064e+02
5.172626657408432038e+02
5.167250233054330693e+02
5.161868353230069033e+02
5.156481017104105149e+02
5.151088223860081143e+02
5.145689972696574159e+02
5.140286262826830352e+02
5.134877093478538654e+02
5.129462463893559061e+02
5.124042373327712312e+02
5.118616821050520116e+02
5.113185806344984599e+02
5.107749328507353539e+02
5.102307386846901522e+02
5.096859980685691198e+02
5.091407109358383423e+02
5.085948772211987148e+02
5.080484968605672407e+02
5.075015697910551467e+02
5.069540959509473055e+02
5.064060752796825682e+02
5.058575077178326751e+02
5.053083932070844071e+02
5.047587316902177577e+02
5.042085231110898462e+02
5.036577674146138293e+02
5.031064645467413925e+02
5.025546144544449589e+02
5.020022170856992716e+02
5.014492723894639425e+02
5.008957803156667410e+02
5.003417408151855739e+02
4.997871538398326265e+02
4.992320193423370824e+02
4.986763372763301163e+02
4.981201075963275571e+02
4.975633302577153358e+02
4.970060052167330014e+02
4.964481324304595660e+02
4.958897118567983284e+02
4.953307434544612420e+02
4.947712271829555561e+02
4.942111630025691511e+02
4.936505508743566679e+02
4.930893907601254682e+02
4.925276826224223328e+02
4.919654264245201034e+02
4.914026221304047795e+02
4.908392697047621027e+02
4.902753691129652793e+02
4.897109203210624742e+02
4.891459232957648169e+02
4.885803780044338396e+02
4.880142844150694827e+02
4.874476424962993519e+02
4.868804522173664964e+02
4.863127135481184951e+02
4.857444264589959744e+02
4.851755909210220352e+02
4.846062069057919643e+02
4.840362743854615815e+02
4.834657933327378032e+02
4.828947637208683545e+02
4.823231855236313095e+02
4.817510587153259394e+02
4.811783832707624242e+02
4.806051591652525872e+02
4.800313863746006291e+02
4.794570648750936925e+02
4.788821946434935626e+02
4.783067756570264351e+02
4.777308078933761522e+02
4.771542913306732885e+02
4.765772259474891257e+02
4.759996117228251364e+02
4.754214486361069589e+02
4.748427366671745062e+02
4.742634757962756566e+02
4.736836660040574998e+02
4.731033072715595722e+02
4.725223995802055015e+02
4.719409429117964692e+02
4.713589372485038211e+02
4.707763825728616780e+02
4.701932788677606254e+02
4.696096261164401540e+02
4.690254243024825769e+02
4.684406734098060952e+02
4.678553734226585448e+02
4.672695243256110302e+02
4.666831261035516718e+02
4.660961787416792959e+02
4.655086822254978642e+02
4.649206365408098804e+02
4.643320416737115579e+02
4.637428976105863399e+02
4.631532043380994423e+02
4.625629618431926247e+02
4.619721701130789029e+02
4.613808291352362971e+02
4.607889388974044209e+02
4.601964993875773189e+02
4.596035105939999426e+02
4.590099725051628639e+02
4.584158851097971024e+02
4.578212483968696915e+02
4.572260623555788470e+02
4.566303269753494760e+02
4.560340422458292551e+02
4.554372081568830595e+02
4.548398246985895526e+02
4.542418918612364678e+02
4.536434096353169707e+02
4.530443780115253958e+02
4.524447969807522441e+02
4.518446665340820800e+02
4.512439866627880747e+02
4.506427573583290496e+02
4.500409786123459526e+02
4.494386504166567420e+02
4.488357727632547949e+02
4.482323456443041891e+02
4.476283690521366907e+02
4.470238429792476609e+02
4.464187674182937258e+02
4.458131423620891383e+02
4.452069678036022538e+02
4.446002437359530290e+02
4.439929701524090433e+02
4.433851470463834517e+02
4.427767744114314041e+02
4.421678522412477150e+02
4.415583805296627133e+02
4.409483592706415038e+02
4.403377884582791921e+02
4.397266680867997479e+02
4.391149981505523101e+02
4.385027786440092541e+02
4.378900095617630086e+02
4.372766908985247483e+02
4.366628226491200735e+02
4.360484048084889537e+02
4.354334373716811228e+02
4.348179203338555681e+02
4.342018536902772325e+02
4.335852374363146282e+02
4.329680715674392104e+02
4.323503560792212284e+02
4.317320909673290430e+02
4.311132762275260006e+02
4.304939118556702624e+02
4.298739978477104273e+02
4.292535341996856459e+02
4.286325209077223235e+02
4.280109579680334377e+02
4.273888453769156399e+02
4.267661831307480043e+02
4.261429712259906637e+02
4.255192096591823656e+02
4.248948984269392213e+02
4.242700375259530574e+02
4.236446269529893129e+02
4.230186667048865274e+02
4.223921567785535558e+02
4.217650971709691703e+02
4.211374878791793890e+02
4.205093289002975325e+02
4.198806202315009841e+02
4.192513618700317011e+02
4.186215538131928611e+02
4.179911960583499422e+02
4.173602886029265164e+02
4.167288314444053867e+02
4.160968245803264267e+02
4.154642680082850461e+02
4.148311617259309969e+02
4.141975057309680892e+02
4.135633000211521448e+02
4.129285445942899742e+02
4.122932394482383529e+02
4.116573845809030558e+02
4.110209799902380610e+02
4.103840256742432189e+02
4.097465216309653329e+02
4.091084678584946914e+02
4.084698643549663757e+02
4.078307111185577014e+02
4.071910081474881054e+02
4.065507554400176105e+02
4.059099529944466553e+02
4.052686008091146164e+02
4.046266988823986708e+02
4.039842472127139672e+02
4.033412457985122614e+02
4.026976946382803249e+02
4.020535937305403991e+02
4.014089430738486612e+02
4.007637426667948262e+02
4.001179925080007251e+02
3.994716925961205334e+02
3.988248429298392352e+02
3.981774435078722263e+02
3.975294943289645744e+02
3.968809953918905080e+02
3.962319466954521658e+02
3.955823482384798240e+02
3.949322000198303613e+02
3.942815020383872024e+02
3.936302542930594086e+02
3.929784567827813362e+02
3.923261095065115001e+02
3.916732124632325736e+02
3.910197656519503084e+02
3.903657690716935917e+02
3.897112227215130815e+02
3.890561266004811500e+02
3.884004807076913721e+02
3.877442850422574452e+02
3.870875396033135303e+02
3.864302443900128878e+02
3.857723994015280482e+02
3.851140046370496179e+02
3.844550600957859956e+02
3.837955657769633717e+02
3.831355216798248193e+02
3.824749278036292708e+02
3.818137841476524841e+02
3.811520907111846554e+02
3.804898474935317267e+02
3.798270544940133959e+02
3.791637117119642539e+02
3.784998191467312836e+02
3.778353767976753943e+02
3.771703846641696032e+02
3.765048427455993192e+02
3.758387510413609789e+02
3.751721095508627286e+02
3.745049182735228328e+02
3.738371772087703562e+02
3.731688863560429468e+02
3.725000457147884845e+02
3.718306552844628641e+02
3.711607150645301090e+02
3.704902250544622007e+02
3.698191852537374302e+02
3.691475956618414216e+02
3.684754562782652556e+02
3.678027671025055270e+02
3.671295281340636052e+02
3.664557393724451799e+02
3.657814008171588398e+02
3.651065124677170957e+02
3.644310743236339931e+02
3.637550863844255673e+02
3.630785486496081376e+02
3.624014611186988191e+02
3.617238237912132490e+02
3.610456366666664394e+02
3.603668997445703894e+02
3.596876130244342562e+02
3.590077765057630472e+02
3.583273901880564836e+02
3.576464540708080335e+02
3.569649681535047989e+02
3.562829324356242182e+02
3.556003469166357718e+02
3.549172115959967755e+02
3.542335264731536313e+02
3.535492915475384166e+02
3.528645068185688274e+02
3.521791722856456772e+02
3.514932879481519308e+02
3.508068538054507712e+02
3.501198698568832128e+02
3.494323361017672482e+02
3.487442525393942674e+02
3.480556191690282617e+02
3.473664359899028113e+02
3.466767030012185273e+02
3.459864202021406072e+02
3.452955875917961066e+02
3.446042051692703012e+02
3.439122729336046405e+02
3.432197908837919726e+02
3.425267590187742144e+02
3.418331773374376326e+02
3.411390458386089790e+02
3.404443645210511704e+02
3.397491333834587977e+02
3.390533524244522710e+02
3.383570216425741251e+02
3.376601410362816296e+02
3.369627106039420141e+02
3.362647303438250788e+02
3.355662002540972253e+02
3.348671203328132151e+02
3.341674905779093478e+02
3.334673109871939118e+02
3.327665815583393965e+02
3.320653022888720329e+02
3.313634731761624153e+02
3.306610942174140177e+02
3.299581654096518832e+02
3.292546867497101175e+02
3.285506582342186448e+02
3.278460798595891674e+02
3.271409516220001592e+02
3.264352735173803808e+02
3.257290455413915424e+02
3.250222676894103984e+02
3.243149399565085105e+02
3.236070623374320121e+02
3.228986348265775632e+02
3.221896574179700110e+02
3.214801301052351050e+02
3.207700528815736902e+02
3.200594257397305569e+02
3.193482486719644271e+02
3.186365216700134511e+02
3.179242447250597365e+02
3.172114178276905818e+02
3.164980409678581168e+02
3.157841141348343399e+02
3.150696373171647906e+02
3.143546105026184136e+02
3.136390336781334440e+02
3.129229068297600520e+02
3.122062299425990659e+02
3.114890030007357495e+02
3.107712259871703395e+02
3.100528988837414772e+02
3.093340216710471964e+02
3.086145943283574411e+02
3.078946168335231164e+02
3.071740891628763848e+02
3.064530112911264723e+02
3.057313831912451860e+02
3.050092048343478268e+02
3.042864761895629613e+02
3.035631972238936669e+02
3.028393679020710465e+02
3.021149881863945552e+02
3.013900580365628912e+02
3.006645774094920398e+02
2.999385462591225178e+02
2.992119645362094502e+02
2.984848321881015636e+02
2.977571491585022727e+02
2.970289153872148518e+02
2.963001308098693585e+02
2.955707953576305727e+02
2.948409089568846184e+02
2.941104715289041565e+02
2.933794829894897589e+02
2.926479432485855909e+02
2.919158522098683761e+02
2.911832097703063482e+02
2.904500158196883035e+02
2.897162702401180923e+02
2.889819729054734694e+02
2.882471236808274284e+02
2.875117224218269030e+02
2.867757689740287788e+02
2.860392631721877024e+02
2.853022048394934131e+02
2.845645937867548128e+02
2.838264298115240649e+02
2.830877126971598727e+02
2.823484422118232260e+02
2.816086181074019237e+02
2.808682401183572779e+02
2.801273079604908389e+02
2.793858213296196027e+02
2.786437799001603253e+02
2.779011833236088478e+02
2.771580312269139199e+02
2.764143232107320500e+02
2.756700588475597442e+02
2.749252376797286956e+02
2.741798592172614235e+02
2.734339229355687166e+02
2.726874282729857555e+02
2.719403746281282110e+02
2.711927613570607036e+02
2.704445877702600569e+02
2.696958531293614101e+02
2.689465566436697372e+02
2.681966974664201757e+02
2.674462746907694282e+02
2.666952873454984569e+02
2.659437343904043587e+02
2.651916147113620355e+02
2.644389271150275817e+02
2.636856703231606502e+02
2.629318429665361805e+02
2.621774435784172397e+02
2.614224705875550967e+02
2.606669223106840150e+02
2.599107969444725654e+02
2.591540925568939997e+02
2.583968070779699246e+02
2.576389382898447593e+02
2.568804838161418047e+02
2.561214411105465842e+02
2.553618074445633113e+02
2.546015798943832351e+02
2.538407553268003198e+02
2.530793303841042245e+02
2.523173014678776269e+02
2.515546647216145857e+02
2.507914160120795657e+02
2.500275509093078199e+02
2.492630646651550705e+02
2.484979521902854742e+02
2.477322080294870261e+02
2.469658263351899734e+02
2.461988008390592881e+02
2.454311248215179830e+02
2.446627910790533633e+02
2.438937918891409424e+02
2.431241189726152356e+02
2.423537634532981428e+02
2.415827158146888110e+02
2.408109658534946504e+02
2.400385026297803677e+02
2.392653144134816330e+02
2.384913886270243779e+02
2.377167117837602746e+02
2.369412694219197704e+02
2.361650460337517643e+02
2.353880249895028953e+02
2.346101884558597135e+02
2.338315173084539538e+02
2.330519910379990449e+02
2.322715876495952045e+02
2.314902835547139262e+02
2.307080534553265352e+02
2.299248702196157694e+02
2.291407047486603972e+02
2.283555258334471603e+02
2.275693000015126017e+02
2.267819913524767799e+02
2.259935613816705029e+02
2.252039687910145460e+02
2.244131692862375189e+02
2.236211153594742598e+02
2.228277560562036399e+02
2.220330367254351813e+02
2.212368987519622578e+02
2.204392792694404477e+02
2.196401108529555870e+02
2.188393211896712671e+02
2.180368327260498518e+02
2.172325622900554833e+02
2.164264206866428424e+02
2.156183122647448442e+02
2.148081344538586279e+02
2.139957772682334962e+02
2.131811227765435888e+02
2.123640445348273715e+02
2.115444069803552054e+02
2.107220647839793912e+02
2.098968621584042467e+02
2.090686321197106849e+02
2.082371956993563344e+02
2.074023611037836758e+02
2.065639228186694538e+02
2.057216606547792423e+02
2.048753387323257869e+02
2.040247044006875399e+02
2.031694870903337460e+02
2.023093970938091104e+02
2.014441242726969961e+02
2.005733366875650745e+02
1.996966791480701318e+02
1.988137716806056403e+02
1.979242079111893133e+02
1.970275533616724033e+02
1.961233436578643818e+02
1.952110826487891586e+02
1.942902404370763350e+02
1.933602513214332532e+02
1.924205116532997408e+02
1.914703776111543903e+02
1.905091628975826552e+02
1.895361363661360485e+02
1.885505195872833895e+02
1.875514843653769788e+02
1.865381502216254148e+02
1.855095818615696430e+02
1.844647866496092377e+02
1.834027121177122126e+02
1.823222435406671877e+02
1.812222016161002216e+02
1.801013402940667447e+02
1.789583448083366477e+02
1.777918299695747919e+02
1.766003387894599541e+02
1.753823415143927491e+02
1.741362351577579091e+02
1.728603436306505898e+02
1.715529185824441072e+02
1.702121410743592378e+02
1.688361242210750675e+02
1.674229169470380327e+02
1.659705090151030902e+02
1.644768374948944540e+02
1.629397948462269596e+02
1.613572387982456178e+02
1.597270042067814018e+02
1.580469170696851506e+02
1.563148108714954674e+02
1.545285454133795326e+02
1.526860282605946111e+02
1.507852389062916529e+02
1.488242557061042532e+02
1.468012855813152271e+02
1.447146964186614753e+02
1.425630520113219859e+02
1.403451492884514948e+02
1.380600574703231018e+02
1.357071586644515833e+02
1.332861892874688294e+02
1.307972815620029507e+02
1.282410042023109327e+02
1.256184012735139106e+02
1.229310280943999487e+02
1.201809829616505425e+02
1.173709334130086006e+02
1.145041357277666521e+02
1.115844463935614783e+02
1.086163243561505283e+02
1.056048230187038541e+02
1.025555711710670010e+02
9.947474230568558085e+01
9.636901210910359339e+01
9.324550429544957808e+01
9.011172535571820674e+01
8.697548921495095442e+01
8.384483319659905476e+01
8.072792706630718840e+01
7.763297724311600234e+01
7.456812850426655359e+01
7.154136565376765589e+01
6.856041766400414872e+01
6.563266672962110704e+01
6.276506449691794387e+01
5.996405745996009529e+01
5.723552316286586716e+01
5.458471843718574945e+01
5.201624045800670615e+01
4.953400094730653791e+01
4.714121341231957274e+01
4.484039290152398394e+01
4.263336740885679177e+01
4.052129977025878560e+01
3.850471868306097889e+01
3.658355734006036641e+01
3.475719810406886268e+01
3.302452164891914066e+01
3.138395905044932377e+01
2.983354541500565915e+01
2.837097377201865811e+01
2.699364811973237721e+01
2.569873468855634968e+01
2.448321066535771706e+01
2.334390979653242582e+01
2.227756445176440181e+01
2.128084387961015977e+01
2.035038851758450207e+01
1.948284033184631880e+01
1.867486925453819779e+01
1.792319586097071493e+01
1.722461048535183892e+01
1.657598901440482919e+01
1.597430562489536321e+01
1.541664274589330041e+01
1.490019853154148066e+01
1.442229212715114350e+01
1.398036700235375918e+01
1.357199261139694002e+01
1.319486462384010572e+01
1.284680395004778752e+01
1.252575476592824621e+01
1.222978172109402095e+01
1.195706649460835536e+01
1.170590384317710964e+01
1.147469726836049375e+01
1.126195441232510142e+01
1.106628227595939862e+01
1.088638233889942519e+01
1.072104564815373351e+01
1.056914793055413426e+01
1.042964477412331625e+01
1.030156691456993023e+01
1.018401565539805809e+01
1.007615844345668243e+01
9.977224616057323914e+00
9.886501330950308031e+00
9.803329686384534725e+00
9.727101035085578218e+00
9.657253493193554306e+00
9.593268642925595557e+00
9.534668425899043953e+00
9.481012222608505624e+00
9.431894112433871769e+00
9.386940307720266219e+00
9.345806754867821198e+00
9.308176894963038350e+00
9.273759576239319458e+00
9.242287110542484641e+00
9.213513465975401218e+00
9.187212587978907052e+00
9.163176841259899064e+00
9.141215565182626790e+00
9.121153735486025482e+00
9.102830725465338446e+00
9.086099160052201640e+00
9.070823856536131657e+00
9.056880845986182038e+00
9.044156469748957150e+00
9.032546545714506436e+00
9.021955599351764832e+00
9.012296154817803995e+00
9.003488081738138860e+00
8.995457993537467445e+00
8.988138693470304474e+00
8.981468664759281850e+00
8.975391601493646121e+00
8.969855977172587203e+00
8.964814647997929598e+00
8.960224488226081974e+00
8.956046055085089108e+00
8.952243280942886017e+00
8.948783190584849834e+00
8.945635641617624145e+00
8.942773086164523377e+00
8.940170352157673861e+00
8.937804442659857074e+00
8.935654351770084602e+00
8.933700895777779039e+00
8.931926558334561506e+00
8.930315348507964046e+00
8.928852670670801572e+00
8.927525205262108798e+00
8.926320799531652028e+00
8.925228367450577238e+00
8.924237798035758118e+00
8.923339871395700840e+00
8.922526181860968464e+00
8.921789067613822510e+00
8.921121546278730108e+00
8.920517255978799298e+00
8.919970401403608307e+00
8.919475704470896105e+00
8.919028359198295064e+00
8.918623990432934079e+00
8.918258616115689819e+00
8.917928612782979769e+00
8.917630684033850841e+00
8.917361831712398157e+00
8.917119329576207676e+00
8.916900699240525086e+00
8.916703688205295464e+00
8.916526249788173430e+00
8.916366524801562221e+00
8.916222824824941995e+00
8.916093616936430877e+00
8.915977509778780785e+00
8.915873240845481718e+00
8.915779664882380828e+00
8.915695743308923227e+00
8.915620534571051081e+00
8.915553185345711285e+00
8.915492922523061026e+00
8.915439045899249848e+00
8.915390921518131506e+00
8.915347975605435238e+00
8.915309689043896313e+00
8.915275592342199573e+00
8.915245261054410619e+00
8.915218311610850321e+00
8.915194397523727332e+00
8.915173205935332135e+00
8.915154454477866253e+00
8.915137888418097845e+00
8.915123278061171774e+00
8.915110416390856329e+00
8.915099116925206957e+00
8.915089211768458810e+00
8.915080549841642110e+00
8.915072995275989953e+00
8.915066425954568885e+00
8.915060732188804238e+00
8.915055815517771265e+00
8.915051587619206686e+00
8.915047969322142052e+00
8.915044889711925435e+00
8.915042285319358939e+00
8.915040099386052574e+00
8.915038281199386461e+00
8.915036785490325855e+00
8.915035571888717314e+00
8.915034604430468690e+00
8.915033851111969554e+00
8.915033283487423077e+00
8.915032876304934462e+00
8.915032607178035917e+00
8.915032456289042173e+00
8.915032406121396136e+00
8.915032441218436077e+00
8.915032547965708432e+00
8.915032714395117353e+00
8.915032930008228718e+00
8.915033185617625477e+00
8.915033473203836323e+00
8.915033785787025877e+00
8.915034117311478212e+00
8.915034462542115179e+00
8.915034816971392218e+00
8.915035176736058276e+00
8.915035538542438687e+00
8.915035899599553559e+00
8.915036257559425081e+00
8.915036610463470623e+00
8.915036956694958548e+00
8.915037294936309920e+00
8.915037624131210592e+00
8.915037943450879965e+00
8.915038252263940421e+00
8.915038550109843030e+00
8.915038836675254430e+00
8.915039111772962599e+00
8.915039375323505766e+00
8.915039627338721573e+00
8.915039867907411875e+00
8.915040097182599155e+00
8.915040315370481139e+00
8.915040522720602212e+00
8.915040719517394407e+00
8.915040906072743354e+00
8.915041082719579180e+00
8.915041249806236578e+00
8.915041407691751019e+00
8.915041556741639894e+00
8.915041697324419090e+00
8.915041829808673768e+00
8.915041954560367188e+00
8.915042071941019941e+00
8.915042182305652929e+00
8.915042286001520822e+00
8.915042383366978740e+00
8.915042474730539013e+00
8.915042560410118000e+00
8.915042640712625754e+00
8.915042715933488182e+00
8.915042786356524473e+00
8.915042852253790784e+00
8.915042913885534048e+00
8.915042971500325208e+00
8.915043025335158688e+00
8.915043075615660229e+00
8.915043122556317812e+00
8.915043166360783644e+00
8.915043207222179689e+00
8.915043245323390764e+00
8.915043280837503303e+00
8.915043313928048718e+00
8.915043344749506105e+00
8.915043373447582908e+00
8.915043400159596843e+00
8.915043425014951950e+00
8.915043448135332227e+00
8.915043469635238083e+00
8.915043489622277662e+00
8.915043508197413757e+00
8.915043525455475404e+00
8.915043541485418999e+00
8.915043556370608968e+00
8.915043570189094879e+00
8.915043583014002238e+00
8.915043594913763414e+00
8.915043605952407191e+00
8.915043616189743503e+00
8.915043625681693840e+00
8.915043634480477763e+00
8.915043642634872256e+00
8.915043650190392910e+00
8.915043657189489323e+00
8.915043663671752938e+00
8.915043669674101778e+00
8.915043675230869269e+00
8.915043680374159507e+00
8.915043685133747786e+00
8.915043689537410998e+00
8.915043693610966713e+00
8.915043697378484566e+00
8.915043700862291587e+00
8.915043704083185361e+00
8.915043707060426925e+00
8.915043709812012551e+00
8.915043712354583150e+00
8.915043714703603683e+00
8.915043716873443103e+00
8.915043718877448953e+00
8.915043720727997112e+00
8.915043722436543305e+00
8.915043724013740345e+00
8.915043725469477209e+00
8.915043726812866609e+00
8.915043728052410188e+00
8.915043729195971878e+00
8.915043730250788556e+00
8.915043731223640577e+00
8.915043732120762954e+00
8.915043732947925292e+00
8.915043733710483309e+00
8.915043734413352183e+00
8.915043735061153996e+00
8.915043735658105817e+00
8.915043736208126290e+00
8.915043736714840961e+00
8.915043737181603589e+00
8.915043737611473063e+00
8.915043738007350171e+00
8.915043738371881687e+00
8.915043738707460363e+00
8.915043739016388358e+00
8.915043739300738679e+00
8.915043739562431568e+00
8.915043739803248712e+00
8.915043740024819030e+00
8.915043740228668412e+00
8.915043740416182416e+00
8.915043740588643573e+00
8.915043740747266909e+00
8.915043740893107582e+00
8.915043741027213642e+00
8.915043741150515899e+00
8.915043741263838584e+00
8.915043741368002372e+00
8.915043741463739124e+00
8.915043741551722078e+00
8.915043741632556973e+00
8.915043741706826452e+00
8.915043741775045660e+00
8.915043741837717306e+00
8.915043741895269491e+00
8.915043741948128542e+00
8.915043741996674598e+00
8.915043742041245167e+00
8.915043742082158218e+00
8.915043742119717507e+00
8.915043742154184159e+00
8.915043742185819298e+00
8.915043742214846745e+00
8.915043742241511637e+00
8.915043742265950755e+00
8.915043742288382589e+00
8.915043742308952801e+00
8.915043742327831922e+00
8.915043742345142519e+00
8.915043742361003609e+00
8.915043742375555524e+00
8.915043742388933268e+00
8.915043742401154603e+00
8.915043742412368744e+00
8.915043742422652073e+00
8.915043742432070317e+00
8.915043742440710517e+00
8.915043742448633068e+00
8.915043742455885933e+00
8.915043742462529508e+00
8.915043742468609977e+00
8.915043742474185962e+00
8.915043742479305422e+00
8.915043742483982570e+00
8.915043742488249379e+00
8.915043742492180456e+00
8.915043742495775803e+00
8.915043742499067392e+00
8.915043742502083646e+00
8.915043742504826341e+00
8.915043742507371860e+00
8.915043742509674018e+00
8.915043742511789659e+00
8.915043742513725888e+00
8.915043742515493363e+00
8.915043742517108072e+00
8.915043742518586001e+00
8.915043742519943137e+00
8.915043742521191916e+00
8.915043742522319903e+00
8.915043742523369730e+00
8.915043742524314752e+00
8.915043742525183390e+00
8.915043742525959658e+00
8.915043742526691517e+00
8.915043742527362980e+00
8.915043742527972270e+00
8.915043742528519388e+00
8.915043742529023874e+00
8.915043742529494608e+00
8.915043742529922710e+00
8.915043742530302850e+00
8.915043742530652793e+00
8.915043742530972537e+00
8.915043742531276294e+00
8.915043742531551629e+00
8.915043742531794990e+00
8.915043742532008153e+00
8.915043742532207105e+00
8.915043742532404281e+00
8.915043742532573035e+00
8.915043742532740012e+00
8.915043742532876792e+00
8.915043742532999360e+00
8.915043742533120152e+00
8.915043742533228510e+00
8.915043742533333315e+00
8.915043742533411475e+00
8.915043742533502069e+00
8.915043742533578452e+00
8.915043742533638849e+00
8.915043742533699245e+00
8.915043742533761417e+00
8.915043742533821813e+00
8.915043742533867999e+00
8.915043742533914184e+00
8.915043742533942606e+00
8.915043742533988791e+00
8.915043742534003002e+00
8.915043742534049187e+00
8.915043742534065174e+00
8.915043742534095372e+00
8.915043742534125570e+00
8.915043742534141558e+00
8.915043742534171756e+00
8.915043742534185967e+00
8.915043742534185967e+00
8.915043742534201954e+00
8.915043742534216165e+00
8.915043742534232152e+00
8.915043742534246363e+00
8.915043742534262350e+00
8.915043742534262350e+00
8.915043742534262350e+00
8.915043742534278337e+00
8.915043742534294324e+00
8.915043742534294324e+00
8.915043742534294324e+00
8.915043742534308535e+00
8.915043742534308535e+00
8.915043742534308535e+00
8.915043742534324522e+00
8.915043742534324522e+00
8.915043742534324522e+00
8.915043742534338733e+00
8.915043742534338733e+00
8.915043742534338733e+00
8.915043742534338733e+00
8.915043742534338733e+00
8.915043742534338733e+00
8.915043742534338733e+00
8.915043742534338733e+00
8.915043742534338733e+00
8.915043742534338733e+00
8.915043742534338733e+00
8.915043742534338733e+00
8.915043742534338733e+00
8.915043742534338733e+00
8.915043742534338733e+00
8.915043742534338733e+00
8.915043742534338733e+00
8.915043742534338733e+00
8.915043742534338733e+00
8.915043742534338733e+00
8.915043742534338733e+00
8.915043742534338733e+00
8.915043742534354720e+00
8.915043742534354720e+00
8.915043742534354720e+00
8.915043742534354720e+00
8.915043742534354720e+00
8.915043742534354720e+00
8.915043742534354720e+00
8.915043742534354720e+00
8.915043742534354720e+00
8.915043742534354720e+00
8.915043742534354720e+00
8.915043742534354720e+00
8.915043742534354720e+00
8.915043742534354720e+00
8.915043742534354720e+00
8.915043742534354720e+00
8.915043742534354720e+00
8.915043742534354720e+00
8.915043742534354720e+00
8.915043742534354720e+00
8.915043742534354720e+00
8.915043742534354720e+00
8.915043742534354720e+00
8.915043742534354720e+00
8.915043742534354720e+00
8.915043742534354720e+00
8.915043742534354720e+00
8.915043742534354720e+00
8.915043742534354720e+00
8.915043742534354720e+00
8.915043742534354720e+00
8.915043742534354720e+00
8.915043742534354720e+00
8.915043742534354720e+00
8.915043742534354720e+00
8.915043742534354720e+00
8.915043742534354720e+00
8.915043742534354720e+00
8.915043742534354720e+00
8.915043742534354720e+00
8.915043742534354720e+00
8.915043742534354720e+00
8.915043742534354720e+00
8.915043742534354720e+00
