6.151492835003301888e+19
6.151477606900033946e+19
6.151431923823195750e+19
6.151355789498236109e+19
6.151249210109959373e+19
6.151112194334363648e+19
6.150944753313775616e+19
6.150746900673209139e+19
6.150518652497829888e+19
6.150260027354594509e+19
6.149971046269089382e+19
6.149651732740582605e+19
6.149302112718236058e+19
6.148922214624402637e+19
6.148512069321324954e+19
6.148071710136739430e+19
6.147601172829962240e+19
6.147100495613883187e+19
6.146569719132270592e+19
6.146008886463371674e+19
6.145418043111388774e+19
6.144797236997627904e+19
6.144146518460209562e+19
6.143465940244606157e+19
6.142755557493868954e+19
6.142015427747407462e+19
6.141245610930595430e+19
6.140446169349982618e+19
6.139617167676420915e+19
6.138758672942616576e+19
6.137870754543284224e+19
6.136953484205655654e+19
6.136006936003707699e+19
6.135031186325175501e+19
6.134026313885152051e+19
6.132992399698395955e+19
6.131929527071852134e+19
6.130837781602720154e+19
6.129717251158689382e+19
6.128568025872505242e+19
6.127390198124578406e+19
6.126183862534071910e+19
6.124949115946782720e+19
6.123686057428539802e+19
6.122394788240935322e+19
6.121075411831306650e+19
6.119728033831095501e+19
6.118352762030780416e+19
6.116949706366164992e+19
6.115518978907258061e+19
6.114060693846894182e+19
6.112574967486185472e+19
6.111061918208277709e+19
6.109521666483400704e+19
6.107954334827805082e+19
6.106360047816867840e+19
6.104738932046434304e+19
6.103091116131090432e+19
6.101416730673679565e+19
6.099715908268729139e+19
6.097988783465836544e+19
6.096235492764088730e+19
6.094456174594879488e+19
6.092650969298848973e+19
6.090820019108293018e+19
6.088963468137780838e+19
6.087081462360452301e+19
6.085174149584160358e+19
6.083241679447021978e+19
6.081284203379156582e+19
6.079301874608957030e+19
6.077294848116116685e+19
6.075263280637442458e+19
6.073207330630689587e+19
6.071127158263255040e+19
6.069022925389564314e+19
6.066894795525550899e+19
6.064742933839508275e+19
6.062567507128933581e+19
6.060368683791749939e+19
6.058146633811125043e+19
6.055901528740048896e+19
6.053633541669377638e+19
6.051342847217555046e+19
6.049029621495686758e+19
6.046694042102343270e+19
6.044336288093755802e+19
6.041956539953973658e+19
6.039554979589142118e+19
6.037131790294649242e+19
6.034687156738328986e+19
6.032221264930119680e+19
6.029734302207684608e+19
6.027226457213816832e+19
6.024697919868463514e+19
6.022148881348613734e+19
6.019579534065413325e+19
6.016990071646428365e+19
6.014380688896773325e+19
6.011751581799566541e+19
6.009102947466430054e+19
6.006434984137669018e+19
6.003747891145734554e+19
6.001041868889124864e+19
5.998317118819158426e+19
5.995573843411075072e+19
5.992812246140276736e+19
5.990032531455948390e+19
5.987234904764856730e+19
5.984419572394626253e+19
5.981586741582521139e+19
5.978736620448801587e+19
5.975869417967547187e+19
5.972985343942561792e+19
5.970084608985737626e+19
5.967167424502835610e+19
5.964234002644191642e+19
5.961284556305503846e+19
5.958319299093484339e+19
5.955338445299082035e+19
5.952342209873195008e+19
5.949330808409725338e+19
5.946304457111376691e+19
5.943263372780004966e+19
5.940207772767816909e+19
5.937137874982312346e+19
5.934053897837577830e+19
5.930956060244542259e+19
5.927844581579396710e+19
5.924719681661718528e+19
5.921581580734968627e+19
5.918430499430291046e+19
5.915266658754242970e+19
5.912090280062169088e+19
5.908901585024618496e+19
5.905700795615064064e+19
5.902488134081085440e+19
5.899263822918035046e+19
5.896028084854371123e+19
5.892781142809170739e+19
5.889523219891468698e+19
5.886254539355648000e+19
5.882975324596138803e+19
5.879685799105401651e+19
5.876386186468637082e+19
5.873076710322054758e+19
5.869757594345346662e+19
5.866429062231498752e+19
5.863091337659063501e+19
5.859744644275742310e+19
5.856389205675261133e+19
5.853025245369932186e+19
5.849652986770007654e+19
5.846272653160896922e+19
5.842884467684841062e+19
5.839488653305235866e+19
5.836085432803800678e+19
5.832675028736480870e+19
5.829257663430741197e+19
5.825833558950462259e+19
5.822402937080431411e+19
5.818966019300196352e+19
5.815523026766599782e+19
5.812074180290036531e+19
5.808619700310899098e+19
5.805159806882457190e+19
5.801694719647556403e+19
5.798224657815510221e+19
5.794749840147409306e+19
5.791270484927101338e+19
5.787786809946790298e+19
5.784299032486544998e+19
5.780807369287910195e+19
5.777312036539891712e+19
5.773813249856939622e+19
5.770311224259140813e+19
5.766806174154559488e+19
5.763298313313793638e+19
5.759787854860586189e+19
5.756275011238867763e+19
5.752759994209547059e+19
5.749243014817993523e+19
5.745724283385206374e+19
5.742204009483543347e+19
5.738682401922351923e+19
5.735159668726061466e+19
5.731636017120151142e+19
5.728111653509651661e+19
5.724586783463582925e+19
5.721061611701379891e+19
5.717536342066429133e+19
5.714011177520366387e+19
5.710486320118889677e+19
5.706961970993466573e+19
5.703438330342386893e+19
5.699915597414559744e+19
5.696393970480929178e+19
5.692873646835113165e+19
5.689354822770597069e+19
5.685837693560145510e+19
5.682322453453194854e+19
5.678809295646782259e+19
5.675298412283279770e+19
5.671789994428883763e+19
5.668284232062880973e+19
5.664781314056731034e+19
5.661281428172352717e+19
5.657784761038184448e+19
5.654291498137595904e+19
5.650801823802520371e+19
5.647315921190368870e+19
5.643833972279780147e+19
5.640356157853089792e+19
5.636882657487409971e+19
5.633413649537649050e+19
5.629949311134544691e+19
5.626489818158351155e+19
5.623035345243779891e+19
5.619586065752659558e+19
5.616142151777552794e+19
5.612703774122993254e+19
5.609271102295081779e+19
5.605844304494418330e+19
5.602423547604511949e+19
5.599008997182002790e+19
5.595600817444049715e+19
5.592199171268255744e+19
5.588804220174301594e+19
5.585416124315173683e+19
5.582035042477612237e+19
5.578661132061614899e+19
5.575294549084277965e+19
5.571935448162848768e+19
5.568583982507089920e+19
5.565240303920601498e+19
5.561904562784708198e+19
5.558576908054384640e+19
5.555257487251451904e+19
5.551946446459403469e+19
5.548643930312785920e+19
5.545350081998155776e+19
5.542065043239694336e+19
5.538788954301962650e+19
5.535521953976063590e+19
5.532264179581378560e+19
5.529015766957758054e+19
5.525776850458038272e+19
5.522547562951615283e+19
5.519328035809273446e+19
5.516118398907183923e+19
5.512918780620286362e+19
5.509729307818616422e+19
5.506550105862548685e+19
5.503381298602167501e+19
5.500223008372927693e+19
5.497075355994112000e+19
5.493938460761142067e+19
5.490812440450855731e+19
5.487697411312975053e+19
5.484593488074432512e+19
5.481500783930115686e+19
5.478419410545124966e+19
5.475349478057080422e+19
5.472291095068857958e+19
5.469244368648953037e+19
5.466209404333188710e+19
5.463186306125350502e+19
5.460175176490935910e+19
5.457176116362999398e+19
5.454189225138697011e+19
5.451214600681919283e+19
5.448252339321460326e+19
5.445302535852877414e+19
5.442365283540498022e+19
5.439440674117328896e+19
5.436528797785225626e+19
5.433629743218569216e+19
5.430743597563695923e+19
5.427870446444007424e+19
5.425010373956529357e+19
5.422163462681693389e+19
5.419329793676020941e+19
5.416509446485392589e+19
5.413702499140272947e+19
5.410909028158706483e+19
5.408129108555640832e+19
5.405362813837864960e+19
5.402610216015699968e+19
5.399871385599398707e+19
5.397146391607015014e+19
5.394435301567306138e+19
5.391738181524813414e+19
5.389055096041143501e+19
5.386386108204308070e+19
5.383731279626449715e+19
5.381090670456360960e+19
5.378464339378527437e+19
5.375852343620124672e+19
5.373254738957134234e+19
5.370671579716867686e+19
5.368102918788106650e+19
5.365548807622071091e+19
5.363009296240966861e+19
5.360484433241169920e+19
5.357974265804685312e+19
5.355478839698123981e+19
5.352998199283544064e+19
5.350532387526602752e+19
5.348081445997001933e+19
5.345645414880464896e+19
5.343224332984655053e+19
5.340818237743581594e+19
5.338427165226416538e+19
5.336051150146353562e+19
5.333690225865397862e+19
5.331344424402654822e+19
5.329013776441067110e+19
5.326698311338319872e+19
5.324398057128951808e+19
5.322113040538665779e+19
5.319843286986720870e+19
5.317588820597213594e+19
5.315349664207235482e+19
5.313125839373608550e+19
5.310917366382060339e+19
5.308724264257197670e+19
5.306546550766569882e+19
5.304384242434611610e+19
5.302237354549835366e+19
5.300105901170755994e+19
5.297989895138491597e+19
5.295889348083573555e+19
5.293804270437186765e+19
5.291734671436769690e+19
5.289680559139511501e+19
5.287641940428143002e+19
5.285618821021743514e+19
5.283611205487222784e+19
5.281619097243409613e+19
5.279642498577418650e+19
5.277681410648901222e+19
5.275735833503104205e+19
5.273805766077364634e+19
5.271891206214865715e+19
5.269992150671903130e+19
5.268108595128486298e+19
5.266240534198332621e+19
5.264387961438905958e+19
5.262550869362128486e+19
5.260729249443268198e+19
5.258923092131151053e+19
5.257132386860194202e+19
5.255357122059432755e+19
5.253597285161652224e+19
5.251852862616087757e+19
5.250123839897593446e+19
5.248410201516476006e+19
5.246711931029513011e+19
5.245029011050967040e+19
5.243361423262490624e+19
5.241709148422542131e+19
5.240072166379677286e+19
5.238450456080341402e+19
5.236843995581609574e+19
5.235252762059101798e+19
5.233676731820256461e+19
5.232115880313871565e+19
5.230570182141241754e+19
5.229039611064736154e+19
5.227524140021540454e+19
5.226023741132235571e+19
5.224538385711979725e+19
5.223068044280667341e+19
5.221612686575078605e+19
5.220172281557562163e+19
5.218746797429121843e+19
5.217336201636704256e+19
5.215940460887668326e+19
5.214559541157108122e+19
5.213193407700374323e+19
5.211842025064135885e+19
5.210505357094703104e+19
5.209183366950467174e+19
5.207876017112459674e+19
5.206583269394466406e+19
5.205305084952719360e+19
5.204041424298592666e+19
5.202792247306522624e+19
5.201557513227069850e+19
5.200337180695241523e+19
5.199131207741807002e+19
5.197939551804507750e+19
5.196762169736807219e+19
5.195599017819084390e+19
5.194450051769735578e+19
5.193315226753887437e+19
5.192194497395230310e+19
5.191087817784313446e+19
5.189995141491046810e+19
5.188916421573314150e+19
5.187851610587483341e+19
5.186800660598481715e+19
5.185763523189483110e+19
5.184740149473343078e+19
5.183730490100042138e+19
5.182734495269453824e+19
5.181752114738733056e+19
5.180783297833896346e+19
5.179827993458552832e+19
5.178886150103983718e+19
5.177957715859151258e+19
5.177042638419664896e+19
5.176140865097370010e+19
5.175252342831503770e+19
5.174377018195561677e+19
5.173514837408359219e+19
5.172665746343691059e+19
5.171829690538385408e+19
5.171006615202201600e+19
5.170196465227328717e+19
5.169399185197216563e+19
5.168614719395656499e+19
5.167843011815521485e+19
5.167084006168026317e+19
5.166337645892490854e+19
5.165603874163163955e+19
5.164882633900009882e+19
5.164173867776286720e+19
5.163477518227203686e+19
5.162793527459076506e+19
5.162121837457824154e+19
5.161462389996895437e+19
5.160815126645674803e+19
5.160179988778591027e+19
5.159556917582589952e+19
5.158945854065583718e+19
5.158346739064832000e+19
5.157759513254236979e+19
5.157184117153574912e+19
5.156620491134689280e+19
5.156068575431525171e+19
5.155528310145720320e+19
5.154999635255535206e+19
5.154482490623687066e+19
5.153976816003757670e+19
5.153482551048841626e+19
5.152999635318489907e+19
5.152528008286056448e+19
5.152067609345534362e+19
5.151618377820060877e+19
5.151180252967296205e+19
5.150753173987785114e+19
5.150337080031484314e+19
5.149931910204665856e+19
5.149537603576747622e+19
5.149154099187040256e+19
5.148781336051228672e+19
5.148419253168566272e+19
5.148067789527803494e+19
5.147726884113652122e+19
5.147396475913727181e+19
5.147076503924274790e+19
5.146766907156586496e+19
5.146467624643151462e+19
5.146178595443902054e+19
5.145899758651673805e+19
5.145631053398841754e+19
5.145372418862801715e+19
5.145123794271571149e+19
5.144885118909485056e+19
5.144656332123493171e+19
5.144437373327849882e+19
5.144228182010082918e+19
5.144028697735897907e+19
5.143838860155453440e+19
5.143658609007162982e+19
5.143487884124289434e+19
5.143326625439233638e+19
5.143174772988556902e+19
5.143032266918225510e+19
5.142899047488317850e+19
5.142775055077810995e+19
5.142660230189153485e+19
5.142554513453332070e+19
5.142457845633728512e+19
5.142370167631595110e+19
5.142291420489625600e+19
5.142221545396310835e+19
5.142160483691027661e+19
5.142108176867283763e+19
5.142064566577513267e+19
5.142029594636730368e+19
5.142003203026518016e+19
5.141985333899441766e+19
5.141975929582125056e+19
5.141974932579644211e+19
5.141982285578969907e+19
5.141997931452235776e+19
5.142021813261246464e+19
5.142053874259886899e+19
5.142094057898253517e+19
5.142142307825641062e+19
5.142198567894050406e+19
5.142262782161276109e+19
5.142334894893948928e+19
5.142414850570706125e+19
5.142502593885515776e+19
5.142598069749774746e+19
5.142701223296116326e+19
5.142811999880801485e+19
5.142930345086143693e+19
5.143056204723710362e+19
5.143189524836805837e+19
5.143330251702735667e+19
5.143478331835668890e+19
5.143633711988677018e+19
5.143796339156374323e+19
5.143966160577200947e+19
5.144143123735471718e+19
5.144327176363549491e+19
5.144518266444220826e+19
5.144716342212468736e+19
5.144921352157641933e+19
5.145133245025205453e+19
5.145351969818609254e+19
5.145577475801441075e+19
5.145809712498748621e+19
5.146048629698904883e+19
5.146294177455330918e+19
5.146546306087903232e+19
5.146804966184573338e+19
5.147070108602975846e+19
5.147341684471540122e+19
5.147619645191077888e+19
5.147903942435871130e+19
5.148194528155354726e+19
5.148491354574807859e+19
5.148794374196654080e+19
5.149103539801969459e+19
5.149418804450767667e+19
5.149740121483739955e+19
5.150067444522597581e+19
5.150400727471431680e+19
5.150739924517348147e+19
5.151084990131084493e+19
5.151435879068137062e+19
5.151792546369264026e+19
5.152154947360962970e+19
5.152523037656505549e+19
5.152896773156129178e+19
5.153276110047684198e+19
5.153661004807038566e+19
5.154051414198743040e+19
5.154447295276127846e+19
5.154848605381806490e+19
5.155255302147769958e+19
5.155667343496069939e+19
5.156084687638546842e+19
5.156507293077385216e+19
5.156935118604932710e+19
5.157368123304055603e+19
5.157806266548088013e+19
5.158249508000807322e+19
5.158697807616509542e+19
5.159151125639949517e+19
5.159609422606060749e+19
5.160072659340106138e+19
5.160540796957238067e+19
5.161013796862608998e+19
5.161491620750826701e+19
5.161974230605901005e+19
5.162461588700729344e+19
5.162953657597018112e+19
5.163450400144736256e+19
5.163951779481764659e+19
5.164457759033460326e+19
5.164968302512229581e+19
5.165483373916964454e+19
5.166002937532514304e+19
5.166526957929247539e+19
5.167055399962399539e+19
5.167588228771380429e+19
5.168125409779293389e+19
5.168666908692190822e+19
5.169212691498316595e+19
5.169762724467562086e+19
5.170316974150547046e+19
5.170875407377926554e+19
5.171437991259622605e+19
5.172004693183949210e+19
5.172575480816862822e+19
5.173150322100939162e+19
5.173729185254706381e+19
5.174312038771460506e+19
5.174898851418603520e+19
5.175489592236573491e+19
5.176084230537781248e+19
5.176682735905767424e+19
5.177285078194178458e+19
5.177891227525572198e+19
5.178501154290531533e+19
5.179114829146567475e+19
5.179732223016945254e+19
5.180353307089687347e+19
5.180978052816372531e+19
5.181606431911016858e+19
5.182238416348923494e+19
5.182873978365530931e+19
5.183513090455154688e+19
5.184155725369898598e+19
5.184801856118284288e+19
5.185451455964217344e+19
5.186104498425514394e+19
5.186760957272853709e+19
5.187420806528385843e+19
5.188084020464413901e+19
5.188750573602258944e+19
5.189420440710793626e+19
5.190093596805169971e+19
5.190770017145530778e+19
5.191449677235630899e+19
5.192132552821471642e+19
5.192818619889982669e+19
5.193507854667644109e+19
5.194200233619040666e+19
5.194895733445575475e+19
5.195594331083987354e+19
5.196296003705018778e+19
5.197000728711945421e+19
5.197708483739160576e+19
5.198419246650779238e+19
5.199132995539210240e+19
5.199849708723677594e+19
5.200569364748790170e+19
5.201291942383096627e+19
5.202017420617622323e+19
5.202745778664425062e+19
5.203476995955085312e+19
5.204211052139303731e+19
5.204947927083343872e+19
5.205687600868632166e+19
5.206430053790185062e+19
5.207175266355243418e+19
5.207923219281641472e+19
5.208673893496462541e+19
5.209427270134414541e+19
5.210183330536402125e+19
5.210942056248057037e+19
5.211703429018145587e+19
5.212467430797144064e+19
5.213234043735701094e+19
5.214003250183179469e+19
5.214775032686062797e+19
5.215549373986562867e+19
5.216326257021025485e+19
5.217105664918471475e+19
5.217887580999083622e+19
5.218671988772701798e+19
5.219458871937322189e+19
5.220248214377579315e+19
5.221040000163309158e+19
5.221834213547940250e+19
5.222630838967105946e+19
5.223429861037075661e+19
5.224231264553310618e+19
5.225035034488949146e+19
5.225841155993300992e+19
5.226649614390394880e+19
5.227460395177494118e+19
5.228273484023584358e+19
5.229088866767941632e+19
5.229906529418607821e+19
5.230726458150967706e+19
5.231548639306255565e+19
5.232373059390115021e+19
5.233199705071104000e+19
5.234028563179288166e+19
5.234859620704753254e+19
5.235692864796178022e+19
5.236528282759384269e+19
5.237365862055919616e+19
5.238205590301596058e+19
5.239047455265106330e+19
5.239891444866567373e+19
5.240737547176097382e+19
5.241585750412464128e+19
5.242436042941616947e+19
5.243288413275317862e+19
5.244142850069746483e+19
5.244999342124121293e+19
5.245857878379295539e+19
5.246718447916409651e+19
5.247581039955496960e+19
5.248445643854143488e+19
5.249312249106126438e+19
5.250180845340058419e+19
5.251051422318050509e+19
5.251923969934375322e+19
5.252798478214134170e+19
5.253674937311955354e+19
5.254553337510650675e+19
5.255433669219915366e+19
5.256315922975053414e+19
5.257200089435639808e+19
5.258086159384281088e+19
5.258974123725292339e+19
5.259863973483464294e+19
5.260755699802771456e+19
5.261649293945133466e+19
5.262544747289146163e+19
5.263442051328873267e+19
5.264341197672580710e+19
5.265242178041520128e+19
5.266144984268728730e+19
5.267049608297795584e+19
5.267956042181664768e+19
5.268864278081456538e+19
5.269774308265259827e+19
5.270686125106976358e+19
5.271599721085127885e+19
5.272515088781709312e+19
5.273432220881025434e+19
5.274351110168563712e+19
5.275271749529829376e+19
5.276194131949233766e+19
5.277118250508971213e+19
5.278044098387905741e+19
5.278971668860465152e+19
5.279900955295538381e+19
5.280831951155403162e+19
5.281764649994626662e+19
5.282699045459014451e+19
5.283635131284529971e+19
5.284572901296250880e+19
5.285512349407319654e+19
5.286453469617901568e+19
5.287396256014162330e+19
5.288340702767237530e+19
5.289286804132231578e+19
5.290234554447203533e+19
5.291183948132176691e+19
5.292134979688143258e+19
5.293087643696091136e+19
5.294041934816036454e+19
5.294997847786051174e+19
5.295955377421312819e+19
5.296914518613162394e+19
5.297875266328159846e+19
5.298837615607159194e+19
5.299801561564382003e+19
5.300767099386514637e+19
5.301734224331789926e+19
5.302702931729100800e+19
5.303673216977108173e+19
5.304645075543361126e+19
5.305618502963426099e+19
5.306593494840019354e+19
5.307570046842155827e+19
5.308548154704297984e+19
5.309527814225518592e+19
5.310509021268667597e+19
5.311491771759548006e+19
5.312476061686105702e+19
5.313461887097614336e+19
5.314449244103878246e+19
5.315438128874444390e+19
5.316428537637811814e+19
5.317420466680663245e+19
5.318413912347086848e+19
5.319408871037827482e+19
5.320405339209526477e+19
5.321403313373976166e+19
5.322402790097384243e+19
5.323403765999645491e+19
5.324406237753617613e+19
5.325410202084405248e+19
5.326415655768657920e+19
5.327422595633860608e+19
5.328431018557652992e+19
5.329440921467136410e+19
5.330452301338197197e+19
5.331465155194840678e+19
5.332479480108525158e+19
5.333495273197503283e+19
5.334512531626176512e+19
5.335531252604458598e+19
5.336551433387128422e+19
5.337573071273217229e+19
5.338596163605370470e+19
5.339620707769254707e+19
5.340646701192938291e+19
5.341674141346290074e+19
5.342703025740393677e+19
5.343733351926961766e+19
5.344765117497742950e+19
5.345798320083970458e+19
5.346832957355778048e+19
5.347869027021648691e+19
5.348906526827860787e+19
5.349945454557937664e+19
5.350985808032114278e+19
5.352027585106796544e+19
5.353070783674039501e+19
5.354115401661019750e+19
5.355161437029530010e+19
5.356208887775459738e+19
5.357257751928299520e+19
5.358308027550643814e+19
5.359359712737696973e+19
5.360412805616794829e+19
5.361467304346917274e+19
5.362523207118227866e+19
5.363580512151594598e+19
5.364639217698134426e+19
5.365699322038765158e+19
5.366760823483739341e+19
5.367823720372215808e+19
5.368888011071816499e+19
5.369953693978187366e+19
5.371020767514581402e+19
5.372089230131429376e+19
5.373159080305930240e+19
5.374230316541630054e+19
5.375302937368025498e+19
5.376376941340160819e+19
5.377452327038230528e+19
5.378529093067190272e+19
5.379607238056370995e+19
5.380686760659104563e+19
5.381767659552340378e+19
5.382849933436280013e+19
5.383933581034012672e+19
5.385018601091153920e+19
5.386104992375487693e+19
5.387192753676623053e+19
5.388281883805637837e+19
5.389372381594745242e+19
5.390464245896957133e+19
5.391557475585745715e+19
5.392652069554725683e+19
5.393748026717319168e+19
5.394845346006448538e+19
5.395944026374216090e+19
5.397044066791591936e+19
5.398145466248119910e+19
5.399248223751599718e+19
5.400352338327804314e+19
5.401457809020178432e+19
5.402564634889551872e+19
5.403672815013857690e+19
5.404782348487847117e+19
5.405893234422817587e+19
5.407005471946332570e+19
5.408119060201961882e+19
5.409233998349008896e+19
5.410350285562251674e+19
5.411467921031691469e+19
5.412586903962292224e+19
5.413707233573724160e+19
5.414828909100136038e+19
5.415951929789893837e+19
5.417076294905353830e+19
5.418202003722619290e+19
5.419329055531309466e+19
5.420457449634338406e+19
5.421587185347676570e+19
5.422718262000137830e+19
5.423850678933157478e+19
5.424984435500578406e+19
5.426119531068437299e+19
5.427255965014754099e+19
5.428393736729329664e+19
5.429532845613540147e+19
5.430673291080136294e+19
5.431815072553050931e+19
5.432958189467198259e+19
5.434102641268292813e+19
5.435248427412650394e+19
5.436395547367012762e+19
5.437544000608359219e+19
5.438693786623728026e+19
5.439844904910044365e+19
5.440997354973939302e+19
5.442151136331585126e+19
5.443306248508522496e+19
5.444462691039499059e+19
5.445620463468299059e+19
5.446779565347591782e+19
5.447939996238765261e+19
5.449101755711775539e+19
5.450264843344989389e+19
5.451429258725044224e+19
5.452595001446680986e+19
5.453762071112615526e+19
5.454930467333388698e+19
5.456100189727222170e+19
5.457271237919882445e+19
5.458443611544544870e+19
5.459617310241656832e+19
5.460792333658806682e+19
5.461968681450592666e+19
5.463146353278496768e+19
5.464325348810756096e+19
5.465505667722241638e+19
5.466687309694330470e+19
5.467870274414795162e+19
5.469054561577679258e+19
5.470240170883181773e+19
5.471427102037543322e+19
5.472615354752939622e+19
5.473804928747361894e+19
5.474995823744513638e+19
5.476188039473705779e+19
5.477381575669746893e+19
5.478576432072844083e+19
5.479772608428501402e+19
5.480970104487416627e+19
5.482168920005386240e+19
5.483369054743211213e+19
5.484570508466597069e+19
5.485773280946062131e+19
5.486977371956853965e+19
5.488182781278849434e+19
5.489389508696470323e+19
5.490597553998594048e+19
5.491806916978477466e+19
5.493017597433661030e+19
5.494229595165890970e+19
5.495442909981043917e+19
5.496657541689039258e+19
5.497873490103767040e+19
5.499090755043006874e+19
5.500309336328352563e+19
5.501529233785144115e+19
5.502750447242388275e+19
5.503972976532688077e+19
5.505196821492179763e+19
5.506421981960449229e+19
5.507648457780478771e+19
5.508876248798576640e+19
5.510105354864304947e+19
5.511335775830423142e+19
5.512567511552821658e+19
5.513800561890459648e+19
5.515034926705309286e+19
5.516270605862288589e+19
5.517507599229205709e+19
5.518745906676704870e+19
5.519985528078203290e+19
5.521226463309841203e+19
5.522468712250429440e+19
5.523712274781384704e+19
5.524957150786690253e+19
5.526203340152835277e+19
5.527450842768770662e+19
5.528699658525854925e+19
5.529949787317807514e+19
5.531201229040657203e+19
5.532453983592705229e+19
5.533708050874464666e+19
5.534963430788630118e+19
5.536220123240019558e+19
5.537478128135544013e+19
5.538737445384155955e+19
5.539998074896805069e+19
5.541260016586409574e+19
5.542523270367802163e+19
5.543787836157702144e+19
5.545053713874663834e+19
5.546320903439052800e+19
5.547589404772996710e+19
5.548859217800354202e+19
5.550130342446677197e+19
5.551402778639180595e+19
5.552676526306696397e+19
5.553951585379654042e+19
5.555227955790033715e+19
5.556505637471345050e+19
5.557784630358587802e+19
5.559064934388221542e+19
5.560346549498138624e+19
5.561629475627628954e+19
5.562913712717352960e+19
5.564199260709314560e+19
5.565486119546830848e+19
5.566774289174500147e+19
5.568063769538182349e+19
5.569354560584966963e+19
5.570646662263146906e+19
5.571940074522193920e+19
5.573234797312738099e+19
5.574530830586531021e+19
5.575828174296434278e+19
5.577126828396387533e+19
5.578426792841388851e+19
5.579728067587470950e+19
5.581030652591679078e+19
5.582334547812047258e+19
5.583639753207581082e+19
5.584946268738229862e+19
5.586254094364873523e+19
5.587563230049296384e+19
5.588873675754171597e+19
5.590185431443039846e+19
5.591498497080287232e+19
5.592812872631132160e+19
5.594128558061607322e+19
5.595445553338531840e+19
5.596763858429506355e+19
5.598083473302891725e+19
5.599404397927786086e+19
5.600726632274014208e+19
5.602050176312115200e+19
5.603375030013316301e+19
5.604701193349523046e+19
5.606028666293307802e+19
5.607357448817889280e+19
5.608687540897116160e+19
5.610018942505462989e+19
5.611351653618003149e+19
5.612685674210404762e+19
5.614021004258914304e+19
5.615357643740343501e+19
5.616695592632055398e+19
5.618034850911949619e+19
5.619375418558459904e+19
5.620717295550529536e+19
5.622060481867608883e+19
5.623404977489635738e+19
5.624750782397032038e+19
5.626097896570689126e+19
5.627446319991954637e+19
5.628796052642623488e+19
5.630147094504929690e+19
5.631499445561536512e+19
5.632853105795521741e+19
5.634208075190369485e+19
5.635564353729961984e+19
5.636921941398573875e+19
5.638280838180854170e+19
5.639641044061824614e+19
5.641002559026869043e+19
5.642365383061716992e+19
5.643729516152454349e+19
5.645094958285492224e+19
5.646461709447576781e+19
5.647829769625767936e+19
5.649199138807441818e+19
5.650569816980277658e+19
5.651941804132251238e+19
5.653315100251629158e+19
5.654689705326959821e+19
5.656065619347065242e+19
5.657442842301039411e+19
5.658821374178232730e+19
5.660201214968257741e+19
5.661582364660966195e+19
5.662964823246460518e+19
5.664348590715076608e+19
5.665733667057374822e+19
5.667120052264147354e+19
5.668507746326395290e+19
5.669896749235340902e+19
5.671287060982403072e+19
5.672678681559209574e+19
5.674071610957576602e+19
5.675465849169515315e+19
5.676861396187215462e+19
5.678258252003051930e+19
5.679656416609569178e+19
5.681055889999479603e+19
5.682456672165662720e+19
5.683858763101155328e+19
5.685262162799145779e+19
5.686666871252977254e+19
5.688072888456131379e+19
5.689480214402233958e+19
5.690888849085041050e+19
5.692298792498443878e+19
5.693710044636457370e+19
5.695122605493218509e+19
5.696536475062983885e+19
5.697951653340115763e+19
5.699368140319093555e+19
5.700785935994494157e+19
5.702205040360999322e+19
5.703625453413382554e+19
5.705047175146508288e+19
5.706470205555334349e+19
5.707894544634893926e+19
5.709320192380301312e+19
5.710747148786750259e+19
5.712175413849498419e+19
5.713604987563868979e+19
5.715035869925253939e+19
5.716468060929096909e+19
5.717901560570898842e+19
5.719336368846207386e+19
5.720772485750616064e+19
5.722209911279758541e+19
5.723648645429304525e+19
5.725088688194958131e+19
5.726530039572447232e+19
5.727972699557524275e+19
5.729416668145960550e+19
5.730861945333540454e+19
5.732308531116055757e+19
5.733756425489305600e+19
5.735205628449088307e+19
5.736656139991190733e+19
5.738107960111395635e+19
5.739561088805467750e+19
5.741015526069147238e+19
5.742471271898152960e+19
5.743928326288166912e+19
5.745386689234835866e+19
5.746846360733762355e+19
5.748307340780495667e+19
5.749769629370531840e+19
5.751233226499305472e+19
5.752698132162179072e+19
5.754164346354438144e+19
5.755631869071289549e+19
5.757100700307846758e+19
5.758570840059124941e+19
5.760042288320036045e+19
5.761515045085374054e+19
5.762989110349814989e+19
5.764464484107901338e+19
5.765941166354037146e+19
5.767419157082479821e+19
5.768898456287319654e+19
5.770379063962488832e+19
5.771860980101731942e+19
5.773344204698606797e+19
5.774828737746470502e+19
5.776314579238463898e+19
5.777801729167504998e+19
5.779290187526270976e+19
5.780779954307189965e+19
5.782271029502421402e+19
5.783763413103847014e+19
5.785257105103051981e+19
5.786752105491312640e+19
5.788248414259571917e+19
5.789746031398435226e+19
5.791244956898141798e+19
5.792745190748551578e+19
5.794246732939118182e+19
5.795749583458880717e+19
5.797253742296431821e+19
5.798759209439898829e+19
5.800265984876921651e+19
5.801774068594628198e+19
5.803283460579605709e+19
5.804794160817876992e+19
5.806306169294870118e+19
5.807819485995397939e+19
5.809334110903609754e+19
5.810850044002979840e+19
5.812367285276255846e+19
5.813885834705436672e+19
5.815405692271729869e+19
5.816926857955514778e+19
5.818449331736298291e+19
5.819973113592682086e+19
5.821498203502308557e+19
5.823024601441819853e+19
5.824552307386806272e+19
5.826081321311760384e+19
5.827611643190021325e+19
5.829143272993715814e+19
5.830676210693704090e+19
5.832210456259520102e+19
5.833746009659302707e+19
5.835282870859730944e+19
5.836821039825955226e+19
5.838360516521520333e+19
5.839901300908290867e+19
5.841443392946371789e+19
5.842986792594018304e+19
5.844531499807550669e+19
5.846077514541261619e+19
5.847624836747315610e+19
5.849173466375651328e+19
5.850723403373865370e+19
5.852274647687113933e+19
5.853827199257978470e+19
5.855381058026352640e+19
5.856936223929309594e+19
5.858492696900968448e+19
5.860050476872342733e+19
5.861609563771201126e+19
5.863169957521902797e+19
5.864731658045240934e+19
5.866294665258260070e+19
5.867858979074080768e+19
5.869424599401711206e+19
5.870991526145839923e+19
5.872559759206634291e+19
5.874129298479520973e+19
5.875700143854946714e+19
5.877272295218149786e+19
5.878845752448892928e+19
5.880420515421211034e+19
5.881996584003117875e+19
5.883573958056328397e+19
5.885152637435936768e+19
5.886732621990101811e+19
5.888313911559710310e+19
5.889896505978016563e+19
5.891480405070269645e+19
5.893065608653329203e+19
5.894652116535245210e+19
5.896239928514831974e+19
5.897829044381215130e+19
5.899419463913361408e+19
5.901011186879565005e+19
5.902604213036942131e+19
5.904198542130869043e+19
5.905794173894413517e+19
5.907391108047719629e+19
5.908989344297378611e+19
5.910588882335763661e+19
5.912189721840318054e+19
5.913791862472829338e+19
5.915395303878650266e+19
5.917000045685888614e+19
5.918606087504554394e+19
5.920213428925665280e+19
5.921822069520305357e+19
5.923432008838633882e+19
5.925043246408857190e+19
5.926655781736126874e+19
5.928269614301406822e+19
5.929884743560260813e+19
5.931501168941599130e+19
5.933118889846341632e+19
5.934737905646036582e+19
5.936358215681382810e+19
5.937979819260703539e+19
5.939602715658322739e+19
5.941226904112868557e+19
5.942852383825492378e+19
5.944479153957992038e+19
5.946107213630840013e+19
5.947736561921119027e+19
5.949367197860340531e+19
5.950999120432164864e+19
5.952632328569994445e+19
5.954266821154457190e+19
5.955902597010738381e+19
5.957539654905810944e+19
5.959177993545486336e+19
5.960817611571351552e+19
5.962458507557514445e+19
5.964100680007214694e+19
5.965744127349229158e+19
5.967388847934130586e+19
5.969034840030312858e+19
5.970682101819850752e+19
5.972330631394117222e+19
5.973980426749195059e+19
5.975631485781044429e+19
5.977283806280417280e+19
5.978937385927525990e+19
5.980592222286416282e+19
5.982248312799066522e+19
5.983905654779177370e+19
5.985564245405633741e+19
5.987224081715647283e+19
5.988885160597514650e+19
5.990547478783034163e+19
5.992211032839509606e+19
5.993875819161343590e+19
5.995541833961196749e+19
5.997209073260684083e+19
5.998877532880601907e+19
6.000547208430626406e+19
6.002218095298492006e+19
6.003890188638604493e+19
6.005563483360052838e+19
6.007237974114007450e+19
6.008913655280460595e+19
6.010590520954255770e+19
6.012268564930424832e+19
6.013947780688719872e+19
6.015628161377366835e+19
6.017309699795948339e+19
6.018992388377407488e+19
6.020676219169089946e+19
6.022361183812819354e+19
6.024047273523892224e+19
6.025734479069011149e+19
6.027422790743021978e+19
6.029112198344453325e+19
6.030802691149757645e+19
6.032494257886200627e+19
6.034186886703329280e+19
6.035880565142917939e+19
6.037575280107353702e+19
6.039271017826337587e+19
6.040967763821833421e+19
6.042665502871161242e+19
6.044364218968144282e+19
6.046063895282203034e+19
6.047764514115275162e+19
6.049466056856455578e+19
6.051168503934244454e+19
6.052871834766245069e+19
6.054576027706204979e+19
6.056281059988244070e+19
6.057986907668102349e+19
6.059693545561295258e+19
6.061400947177946317e+19
6.063109084654171750e+19
6.064817928679800832e+19
6.066527448422245171e+19
6.068237611446311322e+19
6.069948383629723238e+19
6.071659729074151424e+19
6.073371610011463680e+19
6.075083986704990208e+19
6.076796817345481933e+19
6.078510057941522022e+19
6.080223662204042445e+19
6.081937581424676864e+19
6.083651764347571405e+19
6.085366157034328883e+19
6.087080702721690829e+19
6.088795341671591117e+19
6.090510011013126554e+19
6.092224644576058573e+19
6.093939172715326669e+19
6.095653522126134477e+19
6.097367615649067827e+19
6.099081372064714752e+19
6.100794705877192704e+19
6.102507527086030848e+19
6.104219740945707008e+19
6.105931247712210125e+19
6.107641942375922893e+19
6.109351714380038963e+19
6.111060447323771699e+19
6.112768018649507430e+19
6.114474299313000448e+19
6.116179153435730739e+19
6.117882437938424218e+19
6.119584002154700800e+19
6.121283687423784550e+19
6.122981326661116723e+19
6.124676743905672397e+19
6.126369753842706022e+19
6.128060161300586496e+19
6.129747760720295526e+19
6.131432335596118016e+19
6.133113657885918822e+19
6.134791487389379789e+19
6.136465571092425933e+19
6.138135642475993498e+19
6.139801420787213926e+19
6.141462610270933811e+19
6.143118899359440077e+19
6.144769959818084352e+19
6.146415445844421837e+19
6.148054993118316134e+19
6.149688217800365670e+19
6.151314715475811533e+19
6.152934060040993178e+19
6.154545802529204634e+19
6.156149469872680141e+19
6.157744563597254656e+19
6.159330558446025933e+19
6.160906900928206438e+19
6.162473007789105971e+19
6.164028264397025280e+19
6.165572023042515763e+19
6.167103601145385779e+19
6.168622279364425318e+19
6.170127299604683981e+19
6.171617862916809523e+19
6.173093127282685542e+19
6.174552205281343898e+19
6.175994161628756378e+19
6.177418010584875827e+19
6.178822713220900454e+19
6.180207174539400806e+19
6.181570240439631872e+19
6.182910694519894835e+19
6.184227254708540211e+19
6.185518569714671616e+19
6.186783215289309594e+19
6.188019690287253094e+19
6.189226412519501824e+19
6.190401714385598874e+19
6.191543838274785280e+19
6.192650931724418253e+19
6.193721042323551846e+19
6.194752112349116826e+19
6.195741973121612186e+19
6.196688339066682573e+19
6.197588801468486451e+19
6.198440821900150374e+19
6.199241725316180378e+19
6.199988692791078912e+19
6.200678753887990579e+19
6.201308778640642048e+19
6.201875469131386061e+19
6.202375350647691674e+19
6.202804762399009178e+19
6.203159847775523635e+19
6.203436544129990656e+19
6.203630572063571968e+19
6.203737424196329472e+19
6.203752353402951270e+19
6.203670360494214349e+19
6.203486181324771328e+19
6.203194273308030566e+19
6.202788801319303578e+19
6.202263622968800870e+19
6.201612273226942054e+19
6.200827948385189888e+19
6.199903489336979456e+19
6.198831364164674355e+19
6.197603650020332339e+19
6.196212014290217370e+19
6.194647695035521434e+19
6.192901480704849510e+19
6.190963689117448602e+19
6.188824145720328192e+19
6.186472161127061094e+19
6.183896507951476736e+19
6.181085396955607859e+19
6.178026452538174669e+19
6.174706687597885850e+19
6.171112477814599680e+19
6.167229535401468723e+19
6.163042882392251597e+19
6.158536823540493517e+19
6.153694918920974336e+19
6.148499956339202458e+19
6.142933923671479910e+19
6.136977981276685107e+19
6.130612434641150771e+19
6.123816707440208282e+19
6.116569315224085299e+19
6.108847839961935872e+19
6.100628905706057728e+19
6.091888155668560282e+19
6.082600231035283866e+19
6.072738751876184474e+19
6.062276300548050125e+19
6.051184408023787110e+19
6.039433543622818202e+19
6.026993108658832179e+19
6.013831434564118938e+19
5.999915786093462323e+19
5.985212370254750515e+19
5.969686351657219686e+19
5.953301875011149005e+19
5.936022095553720320e+19
5.917809218213932237e+19
5.898624546363360051e+19
5.878428541028395418e+19
5.857180891461088051e+19
5.834840597979200717e+19
5.811366067988456243e+19
5.786715226090604134e+19
5.760845639156187955e+19
5.733714657199905997e+19
5.705279570835570688e+19
5.675497786005420442e+19
5.644327016571813069e+19
5.611725495226290995e+19
5.577652203008965837e+19
5.542067117538807808e+19
5.504931479830746726e+19
5.466208079317555610e+19
5.425861556403451494e+19
5.383858721551775334e+19
5.340168889553638195e+19
5.294764227239085670e+19
5.247620112482913485e+19
5.198715501926683443e+19
5.148033304395885773e+19
5.095560756542423040e+19
5.041289796799877120e+19
4.985217433311238554e+19
4.927346101091025715e+19
4.867684003327587942e+19
4.806245431433931981e+19
4.743051058229044019e+19
4.678128198494993613e+19
4.611511031118702182e+19
4.543240777108724122e+19
4.473365827983762227e+19
4.401941819374200422e+19
4.329031645161384346e+19
4.254705408108118835e+19
4.179040303699745997e+19
4.102120434815405261e+19
4.024036555865144525e+19
3.944885746147666330e+19
3.864771013376777421e+19
3.783800829570229862e+19
3.702088602755374285e+19
3.619752089193317581e+19
3.536912752017876173e+19
3.453695073293207962e+19
3.370225827481706906e+19
3.286633325147300250e+19
3.203046636374833562e+19
3.119594803838668800e+19
3.036406055691005542e+19
2.953607028451199386e+19
2.871322009864342323e+19
2.789672211264259277e+19
2.708775078340733338e+19
2.628743648390116557e+19
2.549685961153571635e+19
2.471704529244184166e+19
2.394895872971918131e+19
2.319350123124899021e+19
2.245150693996571034e+19
2.172374027692164710e+19
2.101089409538817638e+19
2.031358853288440218e+19
1.963237053766651494e+19
1.896771403701936947e+19
1.832002070683325440e+19
1.768962129547695514e+19
1.707677744996944282e+19
1.648168398885663539e+19
1.590447156400628122e+19
1.534520965262156595e+19
1.480390982106234675e+19
1.428052920338997043e+19
1.377497413979613798e+19
1.328710392306218598e+19
1.281673460478605722e+19
1.236364281714744525e+19
1.192756957032202854e+19
1.150822399016700723e+19
1.110528696537262080e+19
1.071841467779929088e+19
1.034724199411661619e+19
9.991385701053499392e+18
9.650447570514030592e+18
9.324017244454170624e+18
9.011674932744424448e+18
8.712993920222908416e+18
8.427542881792077824e+18
8.154888006711189504e+18
7.894594935212093440e+18
7.646230512220701696e+18
7.409364364330220544e+18
7.183570307260607488e+18
6.968427591878700032e+18
6.763521997466983424e+18
6.568446781347702784e+18
6.382803494209062912e+18
6.206202670573077504e+18
6.038264403806217216e+18
5.878618814931021824e+18
5.726906424264272896e+18
5.582778434605237248e+18
5.445896934338189312e+18
5.315935028416237568e+18
5.192576904764235776e+18
5.075517843192759296e+18
4.964464173457370112e+18
4.859133188640149504e+18
4.759253019574763520e+18
4.664562475590524928e+18
4.574810856419412480e+18
4.489757739691807232e+18
4.409172748050519040e+18
4.332835299533686272e+18
4.260534344521994240e+18
4.192068092210055168e+18
4.127243729250758656e+18
4.065877132929943040e+18
4.007792580961557504e+18
3.952822459744514048e+18
3.900806972696044544e+18
3.851593850068023296e+18
3.805038061463618560e+18
3.761001532098627584e+18
3.719352863697135616e+18
3.679967060769563648e+18
3.642725262895563264e+18
3.607514483520489984e+18
3.574227355673363456e+18
3.542761884924349440e+18
3.513021209820300800e+18
3.484913369966211584e+18
3.458351081859295232e+18
3.433251522528093184e+18
3.409536120982301696e+18
3.387130357438311936e+18
3.365963570250718720e+18
3.345968770450376704e+18
3.327082463764516352e+18
3.309244479973406720e+18
3.292397809440744448e+18
3.276488446641107968e+18
3.261465240496381952e+18
3.247279751324742656e+18
3.233886114199196160e+18
3.221240908508292608e+18
3.209303033509111296e+18
3.198033589661192192e+18
3.187395765530229760e+18
3.177354730051519488e+18
3.167877529945218048e+18
3.158932992078418944e+18
3.150491630572555776e+18
3.142525558458756096e+18
3.135008403688384000e+18
3.127915229310889984e+18
3.121222457636263424e+18
3.114907798204893184e+18
3.108950179393090560e+18
3.103329683488398336e+18
3.098027485074278400e+18
3.093025792569800192e+18
3.088307792775495168e+18
3.083857598282340352e+18
3.079660197606415360e+18
3.075701407917317120e+18
3.071967830233938432e+18
3.068446806966358528e+18
3.065126381687987200e+18
3.061995261026974720e+18
3.059042778570857984e+18
3.056258860683350016e+18
3.053633994136364032e+18
3.051159195465238016e+18
3.048825981959171584e+18
3.046626344203027968e+18
3.044552720090707456e+18
3.042597970234069504e+18
3.040755354695021568e+18
3.039018510971915264e+18
3.037381433174882816e+18
3.035838452327701504e+18
3.034384217737119744e+18
3.033013679373427200e+18
3.031722071208826880e+18
3.030504895462918144e+18
3.029357907707154944e+18
3.028277102782569984e+18
3.027258701487432192e+18
3.026299137993648640e+18
3.025395047952949760e+18
3.024543257255843840e+18
3.023740771408212992e+18
3.022984765492352000e+18
3.022272574680933888e+18
3.021601685273916928e+18
3.020969726230282240e+18
3.020374461167605248e+18
3.019813780804182528e+18
3.019285695819606016e+18
3.018788330111027712e+18
3.018319914423519744e+18
3.017878780334159360e+18
3.017463354570464768e+18
3.017072153644889600e+18
3.016703778788113920e+18
3.016356911164651520e+18
3.016030307355370496e+18
3.015722795092182528e+18
3.015433269231058432e+18
3.015160687950224384e+18
3.014904069161151488e+18
3.014662487120519168e+18
3.014435069232166912e+18
3.014220993028408320e+18
3.014019483320801792e+18
3.013829809511127552e+18
3.013651283053383168e+18
3.013483255058803712e+18
3.013325114035570176e+18
3.013176283756064768e+18
3.013036221244246528e+18
3.012904414876773376e+18
3.012780382591248384e+18
3.012663670195834368e+18
3.012553849774393856e+18
3.012450518181953536e+18
3.012353295625401344e+18
3.012261824324573696e+18
3.012175767249316864e+18
3.012094806928274944e+18
3.012018644325235712e+18
3.011946997779450880e+18
3.011879602006163968e+18
3.011816207154031616e+18
3.011756577916251648e+18
3.011700492692320768e+18
3.011647742797612544e+18
3.011598131718078464e+18
3.011551474407486464e+18
3.011507596624800256e+18
3.011466334309526016e+18
3.011427532992710144e+18
3.011391047241722880e+18
3.011356740136809472e+18
3.011324482777716736e+18
3.011294153818554880e+18
3.011265639029376000e+18
3.011238830882993664e+18
3.011213628165478912e+18
3.011189935609097216e+18
3.011167663546390528e+18
3.011146727584109056e+18
3.011127048296049152e+18
3.011108550933468160e+18
3.011091165152346112e+18
3.011074824756280320e+18
3.011059467454306816e+18
3.011045034632710144e+18
3.011031471139991552e+18
3.011018725084334592e+18
3.011006747642807296e+18
3.010995492881574912e+18
3.010984917586550784e+18
3.010974981103939072e+18
3.010965645189951488e+18
3.010956873869304832e+18
3.010948633301929984e+18
3.010940891657456128e+18
3.010933618996962304e+18
3.010926787161659904e+18
3.010920369668052992e+18
3.010914341609169920e+18
3.010908679561639424e+18
3.010903361498117120e+18
3.010898366704875520e+18
3.010893675704202240e+18
3.010889270181325312e+18
3.010885132915625472e+18
3.010881247715888128e+18
3.010877599359324672e+18
3.010874173534219264e+18
3.010870956785860096e+18
3.010867936465737216e+18
3.010865100683689472e+18
3.010862438262790656e+18
3.010859938697043968e+18
3.010857592111423488e+18
3.010855389224352768e+18
3.010853321312357888e+18
3.010851380176815104e+18
3.010849558112686592e+18
3.010847847879051264e+18
3.010846242671396864e+18
3.010844736095590400e+18
3.010843322143327232e+18
3.010841995169076224e+18
3.010840749868368384e+18
3.010839581257390080e+18
3.010838484653743616e+18
3.010837455658432512e+18
3.010836490138818048e+18
3.010835584212671488e+18
3.010834734233107968e+18
3.010833936774477312e+18
3.010833188619051008e+18
3.010832486744499712e+18
3.010831828312163840e+18
3.010831210655974400e+18
3.010830631272055808e+18
3.010830087808947200e+18
3.010829578058403840e+18
3.010829099946761216e+18
3.010828651526813696e+18
3.010828230970132992e+18
3.010827836559938048e+18
3.010827466684306432e+18
3.010827119829824000e+18
3.010826794575640064e+18
3.010826489587844608e+18
3.010826203614188032e+18
3.010825935479144960e+18
3.010825684079210496e+18
3.010825448378601984e+18
3.010825227405085696e+18
3.010825020246094336e+18
3.010824826045158912e+18
3.010824643998445056e+18
3.010824473351563264e+18
3.010824313396540416e+18
3.010824163469009920e+18
3.010824022945526272e+18
3.010823891241086976e+18
3.010823767806770688e+18
3.010823652127539200e+18
3.010823543720146944e+18
3.010823442131219456e+18
3.010823346935406080e+18
3.010823257733663744e+18
3.010823174151648768e+18
3.010823095838213120e+18
3.010823022463950336e+18
3.010822953719887872e+18
3.010822889316210688e+18
3.010822828981088768e+18
3.010822772459607552e+18
3.010822719512648704e+18
3.010822669915983872e+18
3.010822623459330048e+18
3.010822579945496064e+18
3.010822539189563392e+18
3.010822501018152960e+18
3.010822465268679168e+18
3.010822431788704768e+18
3.010822400435313664e+18
3.010822371074510336e+18
3.010822343580678656e+18
3.010822317836037120e+18
3.010822293730201600e+18
3.010822271159681536e+18
3.010822250027463680e+18
3.010822230242628608e+18
3.010822211719944192e+18
3.010822194379539968e+18
3.010822178146543104e+18
3.010822162950792704e+18
3.010822148726543360e+18
3.010822135412161024e+18
3.010822122949918720e+18
3.010822111285703680e+18
3.010822100368807424e+18
3.010822090151735808e+18
3.010822080589973504e+18
3.010822071641826304e+18
3.010822063268213248e+18
3.010822055432543232e+18
3.010822048100528640e+18
3.010822041240046592e+18
3.010822034821000192e+18
3.010822028815214080e+18
3.010822023196295168e+18
3.010822017939506176e+18
3.010822013021695488e+18
3.010822008421174784e+18
3.010822004117624832e+18
3.010822000092028928e+18
3.010821996326577664e+18
3.010821992804576256e+18
3.010821989510420480e+18
3.010821986429479936e+18
3.010821983548061696e+18
3.010821980853332480e+18
3.010821978333303808e+18
3.010821975976730112e+18
3.010821973773087744e+18
3.010821971712533504e+18
3.010821969785845760e+18
3.010821967984390656e+18
3.010821966300098560e+18
3.010821964725395456e+18
3.010821963253217792e+18
3.010821961876932608e+18
3.010821960590345728e+18
3.010821959387647488e+18
3.010821958263420928e+18
3.010821957212580864e+18
3.010821956230365184e+18
3.010821955312331264e+18
3.010821954454329344e+18
3.010821953652441600e+18
3.010821952903040512e+18
3.010821952202706432e+18
3.010821951548256256e+18
3.010821950936710144e+18
3.010821950365275648e+18
3.010821949831335424e+18
3.010821949332449792e+18
3.010821948866339840e+18
3.010821948430860800e+18
3.010821948024011776e+18
3.010821947643941376e+18
3.010821947288884736e+18
3.010821946957212160e+18
3.010821946647397376e+18
3.010821946358003712e+18
3.010821946087705088e+18
3.010821945835238400e+18
3.010821945599458816e+18
3.010821945379240448e+18
3.010821945173588480e+18
3.010821944981535232e+18
3.010821944802185728e+18
3.010821944634711040e+18
3.010821944478334464e+18
3.010821944332317184e+18
3.010821944195983872e+18
3.010821944068699136e+18
3.010821943949857792e+18
3.010821943838909440e+18
3.010821943735334400e+18
3.010821943638643200e+18
3.010821943548384256e+18
3.010821943464135680e+18
3.010821943385493504e+18
3.010821943312087552e+18
3.010821943243581440e+18
3.010821943179638272e+18
3.010821943119955456e+18
3.010821943064269312e+18
3.010821943012296192e+18
3.010821942963792896e+18
3.010821942918540800e+18
3.010821942876313088e+18
3.010821942836905472e+18
3.010821942800144896e+18
3.010821942765843456e+18
3.010821942733843456e+18
3.010821942703980032e+18
3.010821942676131840e+18
3.010821942650145792e+18
3.010821942625909248e+18
3.010821942603299840e+18
3.010821942582213120e+18
3.010821942562543104e+18
3.010821942544195072e+18
3.010821942527080960e+18
3.010821942511131136e+18
3.010821942496242176e+18
3.010821942482365440e+18
3.010821942469420032e+18
3.010821942457357824e+18
3.010821942446100992e+18
3.010821942435611648e+18
3.010821942425829376e+18
3.010821942416706048e+18
3.010821942408198144e+18
3.010821942400274432e+18
3.010821942392881152e+18
3.010821942385993728e+18
3.010821942379568640e+18
3.010821942373581824e+18
3.010821942368006144e+18
3.010821942362800640e+18
3.010821942357955072e+18
3.010821942353436160e+18
3.010821942349222912e+18
3.010821942345298432e+18
3.010821942341642240e+18
3.010821942338234368e+18
3.010821942335053824e+18
3.010821942332098048e+18
3.010821942329342464e+18
3.010821942326770176e+18
3.010821942324378112e+18
3.010821942322149376e+18
3.010821942320073216e+18
3.010821942318136320e+18
3.010821942316335616e+18
3.010821942314657280e+18
3.010821942313087488e+18
3.010821942311629824e+18
3.010821942310274048e+18
3.010821942309012992e+18
3.010821942307830784e+18
3.010821942306740224e+18
3.010821942305717760e+18
3.010821942304765952e+18
3.010821942303879168e+18
3.010821942303053312e+18
3.010821942302288896e+18
3.010821942301575168e+18
3.010821942300906496e+18
3.010821942300284416e+18
3.010821942299709952e+18
3.010821942299173376e+18
3.010821942298670080e+18
3.010821942298208256e+18
3.010821942297773568e+18
3.010821942297369088e+18
3.010821942296995328e+18
3.010821942296642048e+18
3.010821942296318976e+18
3.010821942296019968e+18
3.010821942295731200e+18
3.010821942295472640e+18
3.010821942295224832e+18
3.010821942295004160e+18
3.010821942294790144e+18
3.010821942294593024e+18
3.010821942294409728e+18
3.010821942294242816e+18
3.010821942294083072e+18
3.010821942293933568e+18
3.010821942293794304e+18
3.010821942293668864e+18
3.010821942293550080e+18
